1 11.0
2 9.0
3 9.0
4 9.0
5 10.0
6 9.0
7 8.0
8 9.0
9 9.0
10 8.0
11 9.0
12 10.0
13 9.0
14 10.0
15 10.0
16 10.0
17 10.0
18 9.0
19 9.0
20 8.0
21 9.0
22 9.0
23 8.0
24 8.0
25 10.0
26 12.0
27 20.0
28 11.0
29 13.0
30 10.0
31 11.0
32 11.0
33 10.0
34 9.0
35 13.0
36 10.0
37 22.0
38 12.0
39 24.0
40 140.0
41 65.0
42 86.0
43 200.0
44 128.0
45 74.0
46 132.0
47 155.0
48 110.0
49 85.0
50 90.0
51 78.0
52 79.0
53 100.0
54 90.0
55 79.0
56 132.0
57 92.0
58 112.0
59 114.0
60 97.0
61 88.0
62 93.0
63 112.0
64 85.0
65 99.0
66 94.0
67 140.0
68 143.0
69 129.0
70 98.0
71 136.0
72 122.0
73 103.0
74 127.0
75 118.0
76 123.0
77 104.0
78 140.0
79 131.0
80 93.0
81 119.0
82 125.0
83 140.0
84 109.0
85 200.0
86 200.0
87 131.0
88 200.0
89 160.0
90 142.0
91 200.0
92 136.0
93 103.0
94 134.0
95 177.0
96 200.0
97 200.0
98 200.0
99 137.0
100 117.0
101 135.0
102 200.0
103 200.0
104 200.0
105 199.0
106 133.0
107 97.0
108 131.0
109 200.0
110 200.0
111 200.0
112 200.0
113 196.0
114 55.0
115 200.0
116 200.0
117 200.0
118 116.0
119 160.0
120 200.0
121 200.0
122 200.0
123 131.0
124 162.0
125 200.0
126 189.0
127 167.0
128 200.0
129 200.0
130 200.0
131 186.0
132 177.0
133 200.0
134 200.0
135 184.0
136 200.0
137 175.0
138 200.0
139 195.0
140 200.0
141 200.0
142 200.0
143 200.0
144 126.0
145 200.0
146 200.0
147 185.0
148 200.0
149 200.0
150 65.0
151 200.0
152 163.0
153 142.0
154 144.0
155 149.0
156 93.0
157 165.0
158 200.0
159 112.0
160 148.0
161 185.0
162 145.0
163 200.0
164 200.0
165 125.0
166 200.0
167 178.0
168 138.0
169 126.0
170 190.0
171 136.0
172 150.0
173 200.0
174 200.0
175 200.0
176 200.0
177 189.0
178 174.0
179 200.0
180 200.0
181 141.0
182 200.0
183 200.0
184 200.0
185 200.0
186 200.0
187 200.0
188 200.0
189 200.0
190 192.0
191 200.0
192 200.0
193 200.0
194 173.0
195 175.0
196 147.0
197 200.0
198 171.0
199 167.0
200 134.0
