1 11.0
2 9.0
3 9.0
4 9.0
5 10.0
6 9.0
7 8.0
8 9.0
9 9.0
10 8.0
11 9.0
12 10.0
13 9.0
14 10.0
15 10.0
16 10.0
17 10.0
18 9.0
19 9.0
20 8.0
21 9.0
22 9.0
23 8.0
24 8.0
25 8.0
26 12.0
27 13.0
28 9.0
29 9.0
30 10.0
31 25.0
32 9.0
33 49.0
34 34.0
35 29.0
36 18.0
37 23.0
38 11.0
39 27.0
40 17.0
41 13.0
42 15.0
43 31.0
44 9.0
45 38.0
46 17.0
47 35.0
48 22.0
49 13.0
50 40.0
51 16.0
52 74.0
53 41.0
54 10.0
55 173.0
56 88.0
57 166.0
58 109.0
59 30.0
60 77.0
61 133.0
62 158.0
63 79.0
64 96.0
65 98.0
66 106.0
67 115.0
68 140.0
69 152.0
70 200.0
71 157.0
72 141.0
73 134.0
74 113.0
75 143.0
76 98.0
77 123.0
78 140.0
79 151.0
80 165.0
81 200.0
82 153.0
83 164.0
84 190.0
85 200.0
86 131.0
87 196.0
88 165.0
89 200.0
90 200.0
91 196.0
92 200.0
93 200.0
94 200.0
95 182.0
96 200.0
97 200.0
98 168.0
99 168.0
100 134.0
101 113.0
102 164.0
103 200.0
104 200.0
105 200.0
106 200.0
107 200.0
108 200.0
109 188.0
110 185.0
111 200.0
112 150.0
113 170.0
114 184.0
115 164.0
116 19.0
117 19.0
118 27.0
119 8.0
120 9.0
121 152.0
122 23.0
123 160.0
124 156.0
125 78.0
126 166.0
127 155.0
128 168.0
129 150.0
130 134.0
131 15.0
132 10.0
133 11.0
134 158.0
135 23.0
136 147.0
137 156.0
138 129.0
139 200.0
140 141.0
141 133.0
142 200.0
143 154.0
144 138.0
145 130.0
146 131.0
147 142.0
148 161.0
149 190.0
150 176.0
151 173.0
152 172.0
153 191.0
154 165.0
155 152.0
156 155.0
157 178.0
158 152.0
159 127.0
160 104.0
161 131.0
162 174.0
163 177.0
164 193.0
165 163.0
166 200.0
167 140.0
168 200.0
169 166.0
170 200.0
171 200.0
172 200.0
173 200.0
174 200.0
175 200.0
176 155.0
177 200.0
178 200.0
179 200.0
180 200.0
181 139.0
182 200.0
183 154.0
184 189.0
185 140.0
186 144.0
187 135.0
188 94.0
189 200.0
190 162.0
191 141.0
192 200.0
193 93.0
194 164.0
195 69.0
196 103.0
197 113.0
198 162.0
199 56.0
200 117.0
