1 11.0
2 9.0
3 9.0
4 9.0
5 10.0
6 9.0
7 8.0
8 9.0
9 9.0
10 8.0
11 9.0
12 10.0
13 9.0
14 10.0
15 10.0
16 10.0
17 10.0
18 9.0
19 9.0
20 8.0
21 9.0
22 9.0
23 8.0
24 8.0
25 8.0
26 9.0
27 9.0
28 9.0
29 9.0
30 9.0
31 8.0
32 9.0
33 9.0
34 10.0
35 8.0
36 9.0
37 10.0
38 11.0
39 10.0
40 9.0
41 9.0
42 10.0
43 10.0
44 8.0
45 8.0
46 10.0
47 9.0
48 10.0
49 8.0
50 8.0
51 9.0
52 8.0
53 10.0
54 10.0
55 8.0
56 11.0
57 10.0
58 10.0
59 13.0
60 9.0
61 9.0
62 18.0
63 45.0
64 9.0
65 14.0
66 15.0
67 27.0
68 14.0
69 14.0
70 11.0
71 10.0
72 9.0
73 25.0
74 9.0
75 70.0
76 40.0
77 48.0
78 35.0
79 36.0
80 83.0
81 99.0
82 105.0
83 200.0
84 176.0
85 200.0
86 175.0
87 197.0
88 200.0
89 195.0
90 194.0
91 200.0
92 200.0
93 200.0
94 200.0
95 199.0
96 182.0
97 183.0
98 200.0
99 200.0
100 186.0
101 182.0
102 190.0
103 190.0
104 200.0
105 200.0
106 200.0
107 200.0
108 200.0
109 200.0
110 200.0
111 200.0
112 200.0
113 200.0
114 114.0
115 200.0
116 200.0
117 200.0
118 200.0
119 198.0
120 200.0
121 200.0
122 103.0
123 200.0
124 200.0
125 54.0
126 200.0
127 148.0
128 200.0
129 200.0
130 76.0
131 162.0
132 38.0
133 200.0
134 200.0
135 200.0
136 122.0
137 173.0
138 111.0
139 96.0
140 200.0
141 174.0
142 123.0
143 162.0
144 200.0
145 121.0
146 153.0
147 186.0
148 200.0
149 200.0
150 133.0
151 200.0
152 200.0
153 200.0
154 200.0
155 200.0
156 200.0
157 200.0
158 200.0
159 200.0
160 200.0
161 66.0
162 200.0
163 200.0
164 118.0
165 200.0
166 200.0
167 200.0
168 200.0
169 200.0
170 200.0
171 200.0
172 200.0
173 200.0
174 200.0
175 200.0
176 200.0
177 200.0
178 200.0
179 180.0
180 200.0
181 132.0
182 200.0
183 191.0
184 158.0
185 200.0
186 21.0
187 92.0
188 112.0
189 118.0
190 150.0
191 200.0
192 200.0
193 200.0
194 200.0
195 114.0
196 200.0
197 171.0
198 200.0
199 134.0
200 135.0
