1 11.0
2 9.0
3 9.0
4 9.0
5 10.0
6 9.0
7 8.0
8 9.0
9 9.0
10 8.0
11 9.0
12 10.0
13 9.0
14 10.0
15 10.0
16 10.0
17 10.0
18 9.0
19 9.0
20 8.0
21 9.0
22 9.0
23 8.0
24 8.0
25 8.0
26 9.0
27 9.0
28 9.0
29 9.0
30 9.0
31 8.0
32 9.0
33 9.0
34 10.0
35 8.0
36 9.0
37 10.0
38 11.0
39 10.0
40 9.0
41 9.0
42 10.0
43 10.0
44 8.0
45 8.0
46 10.0
47 9.0
48 10.0
49 8.0
50 8.0
51 9.0
52 8.0
53 10.0
54 10.0
55 8.0
56 11.0
57 10.0
58 10.0
59 13.0
60 14.0
61 10.0
62 64.0
63 14.0
64 12.0
65 27.0
66 14.0
67 12.0
68 10.0
69 15.0
70 22.0
71 12.0
72 10.0
73 9.0
74 13.0
75 22.0
76 22.0
77 16.0
78 47.0
79 130.0
80 96.0
81 57.0
82 200.0
83 113.0
84 200.0
85 151.0
86 132.0
87 180.0
88 123.0
89 200.0
90 176.0
91 151.0
92 200.0
93 168.0
94 168.0
95 200.0
96 200.0
97 170.0
98 139.0
99 147.0
100 200.0
101 200.0
102 200.0
103 200.0
104 200.0
105 200.0
106 200.0
107 200.0
108 200.0
109 167.0
110 200.0
111 200.0
112 144.0
113 200.0
114 200.0
115 150.0
116 200.0
117 158.0
118 170.0
119 174.0
120 200.0
121 147.0
122 159.0
123 149.0
124 141.0
125 200.0
126 154.0
127 175.0
128 129.0
129 184.0
130 182.0
131 200.0
132 200.0
133 125.0
134 200.0
135 200.0
136 200.0
137 200.0
138 117.0
139 118.0
140 121.0
141 200.0
142 200.0
143 200.0
144 200.0
145 200.0
146 200.0
147 200.0
148 183.0
149 128.0
150 121.0
151 200.0
152 200.0
153 200.0
154 200.0
155 200.0
156 200.0
157 182.0
158 200.0
159 114.0
160 157.0
161 135.0
162 120.0
163 200.0
164 141.0
165 135.0
166 108.0
167 104.0
168 113.0
169 200.0
170 200.0
171 94.0
172 90.0
173 200.0
174 200.0
175 121.0
176 200.0
177 200.0
178 200.0
179 200.0
180 160.0
181 166.0
182 194.0
183 200.0
184 111.0
185 179.0
186 124.0
187 200.0
188 185.0
189 200.0
190 200.0
191 133.0
192 200.0
193 149.0
194 200.0
195 160.0
196 141.0
197 90.0
198 200.0
199 115.0
200 123.0
