0 11.0
1 9.0
2 9.0
3 9.0
4 10.0
5 9.0
6 8.0
7 9.0
8 9.0
9 8.0
10 9.0
11 10.0
12 9.0
13 10.0
14 10.0
15 10.0
16 10.0
17 9.0
18 9.0
19 8.0
20 9.0
21 9.0
22 8.0
23 8.0
24 8.0
25 9.0
26 9.0
27 9.0
28 9.0
29 9.0
30 8.0
31 9.0
32 9.0
33 10.0
34 8.0
35 9.0
36 10.0
37 11.0
38 10.0
39 9.0
40 9.0
41 10.0
42 10.0
43 8.0
44 8.0
45 10.0
46 9.0
47 10.0
48 8.0
49 8.0
50 9.0
51 8.0
52 10.0
53 10.0
54 8.0
55 11.0
56 10.0
57 10.0
58 13.0
59 9.0
60 9.0
61 9.0
62 10.0
63 9.0
64 10.0
65 9.0
66 9.0
67 9.0
68 8.0
69 8.0
70 8.0
71 10.0
72 10.0
73 10.0
74 9.0
75 11.0
76 10.0
77 11.0
78 10.0
79 12.0
80 10.0
81 16.0
82 14.0
83 32.0
84 11.0
85 12.0
86 34.0
87 95.0
88 23.0
89 19.0
90 21.0
91 26.0
92 19.0
93 19.0
94 17.0
95 16.0
96 12.0
97 17.0
98 17.0
99 15.0
100 15.0
101 12.0
102 18.0
103 30.0
104 27.0
105 24.0
106 29.0
107 19.0
108 26.0
109 26.0
110 55.0
111 27.0
112 30.0
113 48.0
114 45.0
115 49.0
116 88.0
117 80.0
118 55.0
119 175.0
120 94.0
121 110.0
122 151.0
123 146.0
124 198.0
125 200.0
126 129.0
127 200.0
128 167.0
129 200.0
130 160.0
131 185.0
132 200.0
133 150.0
134 179.0
135 200.0
136 200.0
137 200.0
138 200.0
139 200.0
140 197.0
141 200.0
142 200.0
143 200.0
144 200.0
145 200.0
146 200.0
147 200.0
148 200.0
149 200.0
150 200.0
151 200.0
152 200.0
153 200.0
154 200.0
155 200.0
156 200.0
157 200.0
158 200.0
159 200.0
160 200.0
161 200.0
162 200.0
163 200.0
164 198.0
165 200.0
166 200.0
167 200.0
168 200.0
169 200.0
170 200.0
171 200.0
172 200.0
173 200.0
174 200.0
175 200.0
176 200.0
177 200.0
178 197.0
179 200.0
180 169.0
181 160.0
182 200.0
183 171.0
184 200.0
185 200.0
186 145.0
187 131.0
188 196.0
189 200.0
190 200.0
191 200.0
192 200.0
193 200.0
194 200.0
195 200.0
196 199.0
197 200.0
198 200.0
199 200.0
200 200.0
201 200.0
202 200.0
203 200.0
204 200.0
205 200.0
206 169.0
207 173.0
208 164.0
209 157.0
210 200.0
211 200.0
212 200.0
213 184.0
214 200.0
215 200.0
216 200.0
217 200.0
218 200.0
219 200.0
220 200.0
221 200.0
222 200.0
223 200.0
224 200.0
225 192.0
226 200.0
227 200.0
228 200.0
229 200.0
230 186.0
231 200.0
232 200.0
233 200.0
234 200.0
235 200.0
236 174.0
237 200.0
238 168.0
239 155.0
240 149.0
241 200.0
242 164.0
243 160.0
244 164.0
245 156.0
246 195.0
247 193.0
248 200.0
249 170.0
250 200.0
251 200.0
252 200.0
253 200.0
254 176.0
255 200.0
256 200.0
257 194.0
258 200.0
259 200.0
260 200.0
261 200.0
262 200.0
263 200.0
264 200.0
265 200.0
266 137.0
267 200.0
268 168.0
269 200.0
270 184.0
271 157.0
272 179.0
273 198.0
274 196.0
275 183.0
276 200.0
277 200.0
278 168.0
279 200.0
280 160.0
281 148.0
282 158.0
283 157.0
284 160.0
285 161.0
286 165.0
287 200.0
288 200.0
289 200.0
290 198.0
291 171.0
292 180.0
293 168.0
294 200.0
295 177.0
296 145.0
297 200.0
298 200.0
299 182.0
300 172.0
301 177.0
302 200.0
303 200.0
304 184.0
305 146.0
306 146.0
307 156.0
308 146.0
309 170.0
310 145.0
311 200.0
312 179.0
313 200.0
314 134.0
315 156.0
316 143.0
317 149.0
318 154.0
319 158.0
320 172.0
321 200.0
322 150.0
323 186.0
324 142.0
325 156.0
326 196.0
327 144.0
328 167.0
329 200.0
330 182.0
331 157.0
332 157.0
333 159.0
334 170.0
335 200.0
336 197.0
337 200.0
338 200.0
339 200.0
340 200.0
341 196.0
342 200.0
343 200.0
344 159.0
345 200.0
346 171.0
347 200.0
348 170.0
349 200.0
350 200.0
351 200.0
352 200.0
353 200.0
354 200.0
355 200.0
356 200.0
357 200.0
358 200.0
359 200.0
360 200.0
361 90.0
362 200.0
363 200.0
364 200.0
365 200.0
366 200.0
367 200.0
368 200.0
369 200.0
370 200.0
371 200.0
372 200.0
373 200.0
374 200.0
375 200.0
376 200.0
377 200.0
378 200.0
379 200.0
380 200.0
381 200.0
382 200.0
383 200.0
384 200.0
385 200.0
386 200.0
387 200.0
388 200.0
389 200.0
390 178.0
391 200.0
392 200.0
393 200.0
394 200.0
395 200.0
396 198.0
397 200.0
398 200.0
399 200.0
400 200.0
401 200.0
402 200.0
403 200.0
404 200.0
405 200.0
406 200.0
407 200.0
408 200.0
409 200.0
410 200.0
411 200.0
412 200.0
413 200.0
414 200.0
415 200.0
416 200.0
417 200.0
418 200.0
419 200.0
420 200.0
421 200.0
422 200.0
423 200.0
424 200.0
425 200.0
426 200.0
427 200.0
428 200.0
429 200.0
430 200.0
431 200.0
432 200.0
433 200.0
434 200.0
435 200.0
436 200.0
437 200.0
438 200.0
439 200.0
440 200.0
441 200.0
442 169.0
443 174.0
444 199.0
445 200.0
446 173.0
447 200.0
448 200.0
449 186.0
450 200.0
451 191.0
452 200.0
453 200.0
454 200.0
455 200.0
456 184.0
457 200.0
458 161.0
459 200.0
460 185.0
461 200.0
462 189.0
463 200.0
464 200.0
465 183.0
466 200.0
467 200.0
468 174.0
469 200.0
470 149.0
471 200.0
472 192.0
473 200.0
474 200.0
475 139.0
476 200.0
477 162.0
478 193.0
479 157.0
480 200.0
481 174.0
482 200.0
483 200.0
484 88.0
485 144.0
486 188.0
487 200.0
488 189.0
489 185.0
490 142.0
491 166.0
492 162.0
493 178.0
494 141.0
495 184.0
496 200.0
497 200.0
498 200.0
499 200.0
