0 17.0
1 26.0
2 19.0
3 20.0
4 9.0
5 27.0
6 28.0
7 12.0
8 16.0
9 21.0
10 9.0
11 15.0
12 20.0
13 13.0
14 21.0
15 27.0
16 44.0
17 25.0
18 9.0
19 33.0
20 14.0
21 19.0
22 20.0
23 16.0
24 16.0
25 25.0
26 20.0
27 14.0
28 34.0
29 10.0
30 13.0
31 15.0
32 9.0
33 25.0
34 14.0
35 12.0
36 12.0
37 10.0
38 15.0
39 11.0
40 11.0
41 30.0
42 16.0
43 12.0
44 24.0
45 19.0
46 13.0
47 16.0
48 10.0
49 11.0
50 10.0
51 12.0
52 14.0
53 15.0
54 12.0
55 9.0
56 11.0
57 12.0
58 13.0
59 8.0
60 11.0
61 17.0
62 11.0
63 12.0
64 10.0
65 17.0
66 10.0
67 12.0
68 13.0
69 48.0
70 10.0
71 14.0
72 11.0
73 31.0
74 12.0
75 8.0
76 14.0
77 34.0
78 22.0
79 13.0
80 20.0
81 22.0
82 14.0
83 30.0
84 10.0
85 9.0
86 18.0
87 20.0
88 11.0
89 11.0
90 9.0
91 26.0
92 18.0
93 12.0
94 28.0
95 12.0
96 14.0
97 27.0
98 32.0
99 15.0
100 38.0
101 13.0
102 12.0
103 11.0
104 11.0
105 15.0
106 11.0
107 27.0
108 14.0
109 8.0
110 13.0
111 33.0
112 16.0
113 10.0
114 11.0
115 11.0
116 12.0
117 12.0
118 9.0
119 28.0
120 12.0
121 11.0
122 9.0
123 14.0
124 12.0
125 8.0
126 12.0
127 9.0
128 11.0
129 23.0
130 13.0
131 34.0
132 14.0
133 13.0
134 12.0
135 10.0
136 19.0
137 22.0
138 12.0
139 11.0
140 10.0
141 10.0
142 9.0
143 12.0
144 10.0
145 9.0
146 12.0
147 10.0
148 9.0
149 30.0
150 10.0
151 16.0
152 22.0
153 28.0
154 37.0
155 11.0
156 11.0
157 24.0
158 11.0
159 11.0
160 23.0
161 9.0
162 10.0
163 19.0
164 9.0
165 10.0
166 10.0
167 9.0
168 9.0
169 8.0
170 11.0
171 8.0
172 12.0
173 9.0
174 10.0
175 12.0
176 8.0
177 28.0
178 9.0
179 20.0
180 10.0
181 9.0
182 10.0
183 27.0
184 9.0
185 9.0
186 11.0
187 9.0
188 14.0
189 9.0
190 10.0
191 8.0
192 9.0
193 11.0
194 9.0
195 9.0
196 11.0
197 10.0
198 10.0
199 27.0
200 31.0
201 10.0
202 10.0
203 31.0
204 24.0
205 10.0
206 8.0
207 9.0
208 9.0
209 9.0
210 9.0
211 12.0
212 8.0
213 9.0
214 13.0
215 11.0
216 9.0
217 10.0
218 10.0
219 9.0
220 10.0
221 12.0
222 10.0
223 12.0
224 8.0
225 11.0
226 10.0
227 10.0
228 11.0
229 9.0
230 10.0
231 10.0
232 10.0
233 8.0
234 9.0
235 10.0
236 8.0
237 15.0
238 10.0
239 15.0
240 11.0
241 8.0
242 10.0
243 10.0
244 10.0
245 12.0
246 9.0
247 13.0
248 11.0
249 12.0
250 11.0
251 10.0
252 10.0
253 10.0
254 8.0
255 9.0
256 10.0
257 10.0
258 9.0
259 9.0
260 10.0
261 11.0
262 8.0
263 10.0
264 8.0
265 16.0
266 32.0
267 10.0
268 10.0
269 10.0
270 9.0
271 11.0
272 10.0
273 8.0
274 10.0
275 9.0
276 8.0
277 9.0
278 12.0
279 8.0
280 9.0
281 9.0
282 10.0
283 8.0
284 9.0
285 11.0
286 12.0
287 9.0
288 10.0
289 12.0
290 8.0
291 10.0
292 9.0
293 10.0
294 9.0
295 11.0
296 9.0
297 10.0
298 10.0
299 9.0
300 10.0
301 11.0
302 9.0
303 10.0
304 22.0
305 13.0
306 21.0
307 32.0
308 22.0
309 10.0
310 9.0
311 29.0
312 26.0
313 46.0
314 10.0
315 12.0
316 44.0
317 10.0
318 9.0
319 11.0
320 11.0
321 12.0
322 12.0
323 13.0
324 10.0
325 11.0
326 11.0
327 9.0
328 9.0
329 28.0
330 16.0
331 30.0
332 9.0
333 10.0
334 11.0
335 9.0
336 9.0
337 12.0
338 11.0
339 10.0
340 9.0
341 8.0
342 8.0
343 9.0
344 8.0
345 23.0
346 10.0
347 8.0
348 8.0
349 12.0
350 10.0
351 9.0
352 9.0
353 10.0
354 10.0
355 9.0
356 10.0
357 11.0
358 11.0
359 10.0
360 11.0
361 9.0
362 11.0
363 9.0
364 9.0
365 10.0
366 26.0
367 12.0
368 10.0
369 12.0
370 9.0
371 9.0
372 27.0
373 9.0
374 9.0
375 11.0
376 11.0
377 11.0
378 9.0
379 9.0
380 10.0
381 10.0
382 11.0
383 10.0
384 10.0
385 9.0
386 11.0
387 10.0
388 10.0
389 10.0
390 10.0
391 10.0
392 10.0
393 26.0
394 10.0
395 8.0
396 12.0
397 10.0
398 10.0
399 13.0
400 11.0
401 10.0
402 27.0
403 28.0
404 10.0
405 9.0
406 11.0
407 11.0
408 27.0
409 10.0
410 9.0
411 9.0
412 10.0
413 8.0
414 9.0
415 27.0
416 9.0
417 9.0
418 12.0
419 10.0
420 11.0
421 10.0
422 12.0
423 9.0
424 9.0
425 8.0
426 9.0
427 8.0
428 12.0
429 10.0
430 12.0
431 9.0
432 11.0
433 9.0
434 9.0
435 10.0
436 10.0
437 12.0
438 10.0
439 10.0
440 9.0
441 12.0
442 10.0
443 11.0
444 10.0
445 9.0
446 11.0
447 11.0
448 30.0
449 13.0
450 29.0
451 12.0
452 11.0
453 12.0
454 12.0
455 8.0
456 10.0
457 9.0
458 30.0
459 28.0
460 10.0
461 15.0
462 8.0
463 15.0
464 12.0
465 11.0
466 12.0
467 11.0
468 10.0
469 13.0
470 11.0
471 10.0
472 9.0
473 26.0
474 10.0
475 10.0
476 12.0
477 31.0
478 10.0
479 10.0
480 21.0
481 12.0
482 18.0
483 25.0
484 25.0
485 10.0
486 11.0
487 26.0
488 9.0
489 26.0
490 28.0
491 14.0
492 28.0
493 10.0
494 12.0
495 12.0
496 26.0
497 30.0
498 27.0
499 28.0
500 16.0
501 26.0
502 11.0
503 27.0
504 30.0
505 27.0
506 11.0
507 13.0
508 32.0
509 10.0
510 28.0
511 13.0
512 11.0
513 11.0
514 10.0
515 16.0
516 12.0
517 26.0
518 28.0
519 31.0
520 33.0
521 11.0
522 13.0
523 32.0
524 32.0
525 10.0
526 9.0
527 15.0
528 12.0
529 13.0
530 13.0
531 14.0
532 17.0
533 12.0
534 14.0
535 15.0
536 11.0
537 13.0
538 30.0
539 32.0
540 13.0
541 12.0
542 13.0
543 16.0
544 15.0
545 33.0
546 12.0
547 14.0
548 14.0
549 29.0
550 17.0
551 15.0
552 17.0
553 17.0
554 11.0
555 11.0
556 13.0
557 25.0
558 32.0
559 25.0
560 30.0
561 30.0
562 32.0
563 24.0
564 12.0
565 11.0
566 17.0
567 30.0
568 31.0
569 16.0
570 41.0
571 29.0
572 16.0
573 24.0
574 35.0
575 30.0
576 19.0
577 33.0
578 28.0
579 35.0
580 20.0
581 35.0
582 21.0
583 35.0
584 32.0
585 28.0
586 25.0
587 16.0
588 34.0
589 30.0
590 17.0
591 15.0
592 13.0
593 20.0
594 40.0
595 36.0
596 37.0
597 50.0
598 16.0
599 33.0
600 17.0
601 30.0
602 36.0
603 54.0
604 20.0
605 56.0
606 38.0
607 37.0
608 36.0
609 42.0
610 80.0
611 28.0
612 68.0
613 22.0
614 20.0
615 41.0
616 25.0
617 25.0
618 19.0
619 90.0
620 50.0
621 109.0
622 49.0
623 40.0
624 61.0
625 41.0
626 55.0
627 21.0
628 83.0
629 56.0
630 25.0
631 51.0
632 22.0
633 59.0
634 39.0
635 46.0
636 44.0
637 42.0
638 70.0
639 33.0
640 48.0
641 38.0
642 50.0
643 45.0
644 58.0
645 27.0
646 54.0
647 70.0
648 36.0
649 57.0
650 56.0
651 45.0
652 61.0
653 56.0
654 79.0
655 29.0
656 60.0
657 41.0
658 33.0
659 44.0
660 33.0
661 62.0
662 106.0
663 39.0
664 34.0
665 30.0
666 63.0
667 52.0
668 42.0
669 51.0
670 33.0
671 23.0
672 27.0
673 47.0
674 26.0
675 31.0
676 46.0
677 50.0
678 66.0
679 46.0
680 40.0
681 28.0
682 39.0
683 37.0
684 34.0
685 41.0
686 44.0
687 67.0
688 51.0
689 32.0
690 28.0
691 41.0
692 46.0
693 36.0
694 33.0
695 42.0
696 35.0
697 40.0
698 40.0
699 56.0
700 51.0
701 31.0
702 38.0
703 47.0
704 23.0
705 29.0
706 43.0
707 29.0
708 28.0
709 61.0
710 38.0
711 29.0
712 28.0
713 20.0
714 27.0
715 28.0
716 50.0
717 31.0
718 32.0
719 43.0
720 29.0
721 31.0
722 32.0
723 26.0
724 40.0
725 72.0
726 62.0
727 31.0
728 37.0
729 44.0
730 27.0
731 24.0
732 32.0
733 30.0
734 25.0
735 34.0
736 28.0
737 35.0
738 32.0
739 28.0
740 70.0
741 28.0
742 28.0
743 70.0
744 39.0
745 56.0
746 55.0
747 47.0
748 98.0
749 43.0
750 31.0
751 28.0
752 40.0
753 39.0
754 43.0
755 32.0
756 26.0
757 20.0
758 64.0
759 23.0
760 23.0
761 33.0
762 22.0
763 26.0
764 19.0
765 49.0
766 31.0
767 22.0
768 99.0
769 30.0
770 26.0
771 34.0
772 20.0
773 43.0
774 43.0
775 68.0
776 30.0
777 27.0
778 44.0
779 29.0
780 46.0
781 34.0
782 25.0
783 34.0
784 31.0
785 41.0
786 35.0
787 33.0
788 27.0
789 45.0
790 55.0
791 27.0
792 23.0
793 25.0
794 28.0
795 44.0
796 37.0
797 34.0
798 24.0
799 26.0
800 37.0
801 25.0
802 56.0
803 63.0
804 31.0
805 50.0
806 25.0
807 43.0
808 29.0
809 23.0
810 42.0
811 25.0
812 27.0
813 28.0
814 19.0
815 23.0
816 25.0
817 18.0
818 20.0
819 36.0
820 46.0
821 26.0
822 23.0
823 69.0
824 36.0
825 25.0
826 31.0
827 26.0
828 36.0
829 38.0
830 26.0
831 55.0
832 25.0
833 20.0
834 24.0
835 36.0
836 24.0
837 36.0
838 21.0
839 25.0
840 43.0
841 40.0
842 31.0
843 24.0
844 29.0
845 45.0
846 42.0
847 29.0
848 39.0
849 29.0
850 22.0
851 29.0
852 36.0
853 30.0
854 27.0
855 25.0
856 24.0
857 24.0
858 42.0
859 86.0
860 51.0
861 26.0
862 15.0
863 11.0
864 20.0
865 22.0
866 13.0
867 12.0
868 12.0
869 10.0
870 11.0
871 10.0
872 12.0
873 12.0
874 13.0
875 11.0
876 9.0
877 13.0
878 13.0
879 13.0
880 10.0
881 14.0
882 104.0
883 50.0
884 27.0
885 61.0
886 28.0
887 18.0
888 25.0
889 19.0
890 15.0
891 20.0
892 18.0
893 22.0
894 29.0
895 26.0
896 40.0
897 20.0
898 31.0
899 20.0
900 26.0
901 33.0
902 84.0
903 51.0
904 44.0
905 102.0
906 112.0
907 79.0
908 41.0
909 15.0
910 52.0
911 16.0
912 15.0
913 14.0
914 14.0
915 16.0
916 21.0
917 117.0
918 123.0
919 26.0
920 32.0
921 30.0
922 17.0
923 15.0
924 33.0
925 23.0
926 19.0
927 104.0
928 91.0
929 21.0
930 23.0
931 19.0
932 17.0
933 22.0
934 23.0
935 24.0
936 48.0
937 17.0
938 38.0
939 37.0
940 39.0
941 39.0
942 16.0
943 17.0
944 44.0
945 46.0
946 23.0
947 39.0
948 17.0
949 15.0
950 16.0
951 13.0
952 16.0
953 14.0
954 19.0
955 70.0
956 126.0
957 116.0
958 12.0
959 12.0
960 16.0
961 17.0
962 44.0
963 30.0
964 17.0
965 92.0
966 14.0
967 16.0
968 16.0
969 15.0
970 15.0
971 13.0
972 77.0
973 200.0
974 45.0
975 29.0
976 24.0
977 52.0
978 50.0
979 26.0
980 12.0
981 28.0
982 26.0
983 11.0
984 11.0
985 23.0
986 26.0
987 25.0
988 30.0
989 16.0
990 15.0
991 29.0
992 53.0
993 11.0
994 24.0
995 24.0
996 20.0
997 21.0
998 11.0
999 24.0
1000 25.0
1001 25.0
1002 22.0
1003 20.0
1004 21.0
1005 200.0
1006 24.0
1007 200.0
1008 28.0
1009 21.0
1010 162.0
1011 24.0
1012 21.0
1013 19.0
1014 30.0
1015 28.0
1016 19.0
1017 22.0
1018 25.0
1019 19.0
1020 30.0
1021 38.0
1022 27.0
1023 63.0
1024 27.0
1025 146.0
1026 36.0
1027 69.0
1028 27.0
1029 18.0
1030 18.0
1031 12.0
1032 113.0
1033 74.0
1034 49.0
1035 30.0
1036 28.0
1037 41.0
1038 24.0
1039 41.0
1040 47.0
1041 26.0
1042 66.0
1043 108.0
1044 54.0
1045 92.0
1046 30.0
1047 80.0
1048 26.0
1049 31.0
1050 29.0
1051 57.0
1052 86.0
1053 87.0
1054 112.0
1055 33.0
1056 54.0
1057 27.0
1058 52.0
1059 40.0
1060 38.0
1061 75.0
1062 26.0
1063 47.0
1064 36.0
1065 34.0
1066 133.0
1067 128.0
1068 96.0
1069 38.0
1070 119.0
1071 60.0
1072 118.0
1073 122.0
1074 27.0
1075 32.0
1076 81.0
1077 66.0
1078 101.0
1079 54.0
1080 38.0
1081 120.0
1082 95.0
1083 90.0
1084 91.0
1085 76.0
1086 86.0
1087 100.0
1088 116.0
1089 135.0
1090 98.0
1091 54.0
1092 82.0
1093 67.0
1094 93.0
1095 120.0
1096 125.0
1097 132.0
1098 110.0
1099 115.0
1100 85.0
1101 94.0
1102 123.0
1103 99.0
1104 117.0
1105 173.0
1106 172.0
1107 164.0
1108 78.0
1109 81.0
1110 88.0
1111 165.0
1112 142.0
1113 200.0
1114 144.0
1115 104.0
1116 190.0
1117 200.0
1118 139.0
1119 98.0
1120 89.0
1121 119.0
1122 148.0
1123 124.0
1124 180.0
1125 175.0
1126 200.0
1127 185.0
1128 200.0
1129 200.0
1130 200.0
1131 200.0
1132 200.0
1133 200.0
1134 200.0
1135 200.0
1136 200.0
1137 200.0
1138 200.0
1139 200.0
1140 200.0
1141 200.0
1142 200.0
1143 200.0
1144 200.0
1145 200.0
1146 200.0
1147 200.0
1148 200.0
1149 200.0
1150 200.0
1151 200.0
1152 200.0
1153 200.0
1154 200.0
1155 200.0
1156 200.0
1157 200.0
1158 200.0
1159 200.0
1160 200.0
1161 200.0
1162 200.0
1163 200.0
1164 200.0
1165 200.0
1166 200.0
1167 200.0
1168 200.0
1169 200.0
1170 200.0
1171 200.0
1172 200.0
1173 200.0
1174 200.0
1175 200.0
1176 200.0
1177 200.0
1178 200.0
1179 200.0
1180 200.0
1181 200.0
1182 200.0
1183 200.0
1184 200.0
1185 200.0
1186 200.0
1187 200.0
1188 200.0
1189 200.0
1190 200.0