0 17.0
1 26.0
2 20.0
3 20.0
4 22.0
5 33.0
6 22.0
7 14.0
8 29.0
9 37.0
10 14.0
11 32.0
12 19.0
13 13.0
14 19.0
15 12.0
16 23.0
17 47.0
18 20.0
19 18.0
20 32.0
21 41.0
22 19.0
23 16.0
24 15.0
25 13.0
26 19.0
27 28.0
28 38.0
29 9.0
30 43.0
31 17.0
32 14.0
33 21.0
34 32.0
35 17.0
36 16.0
37 15.0
38 39.0
39 22.0
40 11.0
41 11.0
42 29.0
43 31.0
44 28.0
45 15.0
46 16.0
47 25.0
48 30.0
49 16.0
50 18.0
51 21.0
52 30.0
53 12.0
54 19.0
55 39.0
56 24.0
57 26.0
58 24.0
59 17.0
60 28.0
61 26.0
62 23.0
63 32.0
64 29.0
65 47.0
66 21.0
67 22.0
68 24.0
69 20.0
70 10.0
71 15.0
72 15.0
73 34.0
74 20.0
75 25.0
76 33.0
77 24.0
78 19.0
79 30.0
80 23.0
81 35.0
82 23.0
83 19.0
84 33.0
85 39.0
86 19.0
87 37.0
88 78.0
89 21.0
90 18.0
91 28.0
92 46.0
93 27.0
94 15.0
95 29.0
96 38.0
97 31.0
98 33.0
99 14.0
100 29.0
101 18.0
102 46.0
103 18.0
104 25.0
105 30.0
106 23.0
107 28.0
108 30.0
109 20.0
110 23.0
111 35.0
112 20.0
113 43.0
114 33.0
115 22.0
116 25.0
117 26.0
118 39.0
119 34.0
120 28.0
121 22.0
122 34.0
123 25.0
124 26.0
125 19.0
126 28.0
127 29.0
128 41.0
129 23.0
130 32.0
131 41.0
132 25.0
133 34.0
134 34.0
135 27.0
136 22.0
137 30.0
138 26.0
139 20.0
140 41.0
141 25.0
142 42.0
143 28.0
144 30.0
145 25.0
146 33.0
147 47.0
148 29.0
149 30.0
150 15.0
151 36.0
152 19.0
153 14.0
154 54.0
155 37.0
156 37.0
157 25.0
158 33.0
159 26.0
160 32.0
161 40.0
162 44.0
163 24.0
164 26.0
165 34.0
166 26.0
167 30.0
168 42.0
169 20.0
170 36.0
171 40.0
172 32.0
173 32.0
174 25.0
175 30.0
176 22.0
177 24.0
178 26.0
179 28.0
180 36.0
181 32.0
182 25.0
183 42.0
184 23.0
185 26.0
186 20.0
187 25.0
188 25.0
189 39.0
190 12.0
191 10.0
192 22.0
193 25.0
194 62.0
195 27.0
196 16.0
197 18.0
198 27.0
199 23.0
200 19.0
201 43.0
202 18.0
203 49.0
204 28.0
205 29.0
206 30.0
207 33.0
208 32.0
209 27.0
210 25.0
211 37.0
212 21.0
213 47.0
214 24.0
215 31.0
216 17.0
217 32.0
218 26.0
219 31.0
220 31.0
221 18.0
222 34.0
223 28.0
224 24.0
225 27.0
226 27.0
227 52.0
228 29.0
229 29.0
230 34.0
231 38.0
232 33.0
233 25.0
234 36.0
235 18.0
236 16.0
237 16.0
238 35.0
239 28.0
240 57.0
241 26.0
242 30.0
243 43.0
244 22.0
245 22.0
246 76.0
247 20.0
248 30.0
249 34.0
250 43.0
251 33.0
252 19.0
253 31.0
254 36.0
255 23.0
256 36.0
257 27.0
258 31.0
259 27.0
260 18.0
261 24.0
262 24.0
263 13.0
264 41.0
265 23.0
266 30.0
267 28.0
268 64.0
269 23.0
270 30.0
271 28.0
272 41.0
273 22.0
274 41.0
275 30.0
276 27.0
277 42.0
278 17.0
279 27.0
280 25.0
281 20.0
282 34.0
283 49.0
284 47.0
285 18.0
286 27.0
287 47.0
288 21.0
289 41.0
290 22.0
291 39.0
292 52.0
293 25.0
294 26.0
295 31.0
296 16.0
297 30.0
298 28.0
299 70.0
300 71.0
301 29.0
302 26.0
303 32.0
304 26.0
305 17.0
306 32.0
307 36.0
308 24.0
309 23.0
310 18.0
311 31.0
312 15.0
313 28.0
314 38.0
315 34.0
316 36.0
317 28.0
318 39.0
319 29.0
320 59.0
321 29.0
322 28.0
323 19.0
324 38.0
325 31.0
326 54.0
327 24.0
328 40.0
329 18.0
330 20.0
331 22.0
332 28.0
333 36.0
334 41.0
335 26.0
336 39.0
337 26.0
338 16.0
339 43.0
340 36.0
341 59.0
342 34.0
343 28.0
344 47.0
345 55.0
346 54.0
347 22.0
348 23.0
349 36.0
350 54.0
351 26.0
352 33.0
353 50.0
354 27.0
355 23.0
356 47.0
357 18.0
358 41.0
359 26.0
360 19.0
361 34.0
362 25.0
363 20.0
364 60.0
365 27.0
366 21.0
367 40.0
368 26.0
369 28.0
370 47.0
371 15.0
372 25.0
373 47.0
374 21.0
375 22.0
376 36.0
377 41.0
378 18.0
379 32.0
380 51.0
381 32.0
382 25.0
383 47.0
384 29.0
385 35.0
386 40.0
387 28.0
388 24.0
389 31.0
390 28.0
391 23.0
392 32.0
393 23.0
394 55.0
395 23.0
396 19.0
397 30.0
398 24.0
399 28.0
400 22.0
401 51.0
402 34.0
403 24.0
404 47.0
405 38.0
406 36.0
407 28.0
408 29.0
409 29.0
410 23.0
411 31.0
412 30.0
413 20.0
414 28.0
415 58.0
416 22.0
417 65.0
418 30.0
419 22.0
420 26.0
421 42.0
422 44.0
423 24.0
424 25.0
425 16.0
426 45.0
427 23.0
428 9.0
429 10.0
430 9.0
431 10.0
432 9.0
433 10.0
434 10.0
435 9.0
436 11.0
437 30.0
438 11.0
439 12.0
440 11.0
441 12.0
442 11.0
443 10.0
444 9.0
445 9.0
446 9.0
447 9.0
448 10.0
449 9.0
450 10.0
451 10.0
452 9.0
453 9.0
454 10.0
455 8.0
456 9.0
457 9.0
458 11.0
459 9.0
460 8.0
461 11.0
462 8.0
463 10.0
464 10.0
465 10.0
466 11.0
467 10.0
468 15.0
469 17.0
470 9.0
471 38.0
472 41.0
473 38.0
474 26.0
475 30.0
476 27.0
477 25.0
478 25.0
479 37.0
480 17.0
481 24.0
482 25.0
483 28.0
484 23.0
485 41.0
486 29.0
487 24.0
488 30.0
489 55.0
490 37.0
491 41.0
492 35.0
493 42.0
494 28.0
495 33.0
496 48.0
497 25.0
498 32.0
499 21.0
500 24.0
501 24.0
502 83.0
503 27.0
504 30.0
505 20.0
506 57.0
507 50.0
508 22.0
509 68.0
510 19.0
511 49.0
512 73.0
513 64.0
514 42.0
515 21.0
516 33.0
517 32.0
518 54.0
519 27.0
520 21.0
521 26.0
522 35.0
523 23.0
524 32.0
525 47.0
526 48.0
527 22.0
528 29.0
529 51.0
530 34.0
531 36.0
532 28.0
533 52.0
534 30.0
535 32.0
536 32.0
537 89.0
538 25.0
539 28.0
540 46.0
541 51.0
542 56.0
543 24.0
544 36.0
545 24.0
546 39.0
547 37.0
548 37.0
549 41.0
550 32.0
551 32.0
552 37.0
553 27.0
554 27.0
555 53.0
556 35.0
557 32.0
558 25.0
559 39.0
560 43.0
561 35.0
562 31.0
563 42.0
564 24.0
565 22.0
566 22.0
567 40.0
568 21.0
569 33.0
570 29.0
571 22.0
572 28.0
573 54.0
574 38.0
575 27.0
576 48.0
577 41.0
578 40.0
579 34.0
580 28.0
581 26.0
582 44.0
583 64.0
584 33.0
585 29.0
586 25.0
587 22.0
588 46.0
589 48.0
590 30.0
591 37.0
592 55.0
593 53.0
594 81.0
595 45.0
596 34.0
597 46.0
598 33.0
599 32.0
600 41.0
601 46.0
602 38.0
603 31.0
604 50.0
605 46.0
606 34.0
607 26.0
608 31.0
609 40.0
610 31.0
611 22.0
612 30.0
613 28.0
614 46.0
615 26.0
616 25.0
617 22.0
618 46.0
619 37.0
620 30.0
621 39.0
622 39.0
623 27.0
624 32.0
625 39.0
626 46.0
627 26.0
628 49.0
629 31.0
630 50.0
631 86.0
632 22.0
633 81.0
634 32.0
635 34.0
636 47.0
637 26.0
638 37.0
639 26.0
640 34.0
641 32.0
642 38.0
643 27.0
644 34.0
645 27.0
646 24.0
647 27.0
648 36.0
649 32.0
650 26.0
651 51.0
652 26.0
653 40.0
654 38.0
655 27.0
656 29.0
657 33.0
658 28.0
659 40.0
660 24.0
661 54.0
662 63.0
663 46.0
664 53.0
665 53.0
666 50.0
667 95.0
668 28.0
669 40.0
670 30.0
671 26.0
672 19.0
673 59.0
674 20.0
675 25.0
676 25.0
677 47.0
678 39.0
679 43.0
680 41.0
681 23.0
682 28.0
683 29.0
684 20.0
685 22.0
686 31.0
687 41.0
688 41.0
689 21.0
690 27.0
691 30.0
692 32.0
693 29.0
694 26.0
695 36.0
696 29.0
697 32.0
698 44.0
699 25.0
700 38.0
701 69.0
702 49.0
703 35.0
704 29.0
705 30.0
706 47.0
707 28.0
708 28.0
709 35.0
710 30.0
711 31.0
712 60.0
713 22.0
714 27.0
715 46.0
716 30.0
717 36.0
718 40.0
719 32.0
720 36.0
721 38.0
722 30.0
723 23.0
724 31.0
725 24.0
726 18.0
727 41.0
728 39.0
729 44.0
730 34.0
731 70.0
732 44.0
733 31.0
734 33.0
735 19.0
736 26.0
737 50.0
738 44.0
739 36.0
740 23.0
741 60.0
742 51.0
743 12.0
744 21.0
745 37.0
746 28.0
747 46.0
748 30.0
749 24.0
750 44.0
751 50.0
752 34.0
753 44.0
754 78.0
755 62.0
756 26.0
757 14.0
758 13.0
759 24.0
760 25.0
761 29.0
762 22.0
763 53.0
764 25.0
765 26.0
766 36.0
767 46.0
768 24.0
769 32.0
770 30.0
771 78.0
772 21.0
773 24.0
774 34.0
775 22.0
776 44.0
777 35.0
778 21.0
779 24.0
780 53.0
781 58.0
782 25.0
783 26.0
784 31.0
785 28.0
786 35.0
787 60.0
788 36.0
789 46.0
790 30.0
791 46.0
792 30.0
793 28.0
794 28.0
795 40.0
796 56.0
797 36.0
798 30.0
799 35.0
800 37.0
801 52.0
802 23.0
803 16.0
804 47.0
805 26.0
806 29.0
807 20.0
808 38.0
809 44.0
810 27.0
811 22.0
812 33.0
813 40.0
814 22.0
815 23.0
816 32.0
817 41.0
818 34.0
819 27.0
820 18.0
821 39.0
822 37.0
823 16.0
824 28.0
825 37.0
826 25.0
827 36.0
828 34.0
829 40.0
830 53.0
831 18.0
832 25.0
833 28.0
834 32.0
835 31.0
836 16.0
837 33.0
838 26.0
839 87.0
840 18.0
841 28.0
842 70.0
843 26.0
844 28.0
845 37.0
846 43.0
847 36.0
848 35.0
849 42.0
850 22.0
851 41.0
852 23.0
853 32.0
854 29.0
855 36.0
856 80.0
857 28.0
858 40.0
859 23.0
860 47.0
861 30.0
862 28.0
863 21.0
864 29.0
865 64.0
866 44.0
867 42.0
868 26.0
869 31.0
870 48.0
871 46.0
872 22.0
873 39.0
874 33.0
875 27.0
876 42.0
877 80.0
878 22.0
879 26.0
880 30.0
881 25.0
882 58.0
883 22.0
884 24.0
885 31.0
886 25.0
887 30.0
888 26.0
889 29.0
890 31.0
891 22.0
892 24.0
893 54.0
894 30.0
895 46.0
896 46.0
897 24.0
898 37.0
899 15.0
900 41.0
901 29.0
902 49.0
903 29.0
904 23.0
905 26.0
906 36.0
907 28.0
908 26.0
909 41.0
910 42.0
911 43.0
912 24.0
913 38.0
914 34.0
915 38.0
916 24.0
917 22.0
918 44.0
919 50.0
920 36.0
921 27.0
922 18.0
923 26.0
924 28.0
925 36.0
926 31.0
927 59.0
928 33.0
929 36.0
930 72.0
931 31.0
932 26.0
933 63.0
934 32.0
935 38.0
936 23.0
937 34.0
938 40.0
939 50.0
940 42.0
941 52.0
942 33.0
943 27.0
944 22.0
945 32.0
946 22.0
947 42.0
948 27.0
949 66.0
950 40.0
951 26.0
952 46.0
953 43.0
954 32.0
955 32.0
956 47.0
957 28.0
958 24.0
959 33.0
960 15.0
961 33.0
962 30.0
963 28.0
964 28.0
965 43.0
966 40.0
967 40.0
968 29.0
969 26.0
970 48.0
971 22.0
972 30.0
973 34.0
974 29.0
975 30.0
976 34.0
977 50.0
978 22.0
979 24.0
980 35.0
981 39.0
982 28.0
983 39.0
984 33.0
985 28.0
986 33.0
987 43.0
988 25.0
989 23.0
990 54.0
991 24.0
992 40.0
993 51.0
994 44.0
995 21.0
996 17.0
997 26.0
998 35.0
999 23.0
1000 41.0
1001 35.0
1002 22.0
1003 35.0
1004 27.0
1005 28.0
1006 44.0
1007 21.0
1008 54.0
1009 32.0
1010 48.0
1011 36.0
1012 26.0
1013 30.0
1014 29.0
1015 38.0
1016 31.0
1017 55.0
1018 28.0
1019 63.0
1020 28.0
1021 30.0
1022 46.0
1023 28.0
1024 43.0
1025 39.0
1026 64.0
1027 41.0
1028 37.0
1029 29.0
1030 26.0
1031 30.0
1032 27.0
1033 28.0
1034 24.0
1035 36.0
1036 50.0
1037 30.0
1038 35.0
1039 63.0
1040 43.0
1041 35.0
1042 32.0
1043 52.0
1044 52.0
1045 24.0
1046 30.0
1047 27.0
1048 44.0
1049 32.0
1050 27.0
1051 24.0
1052 27.0
1053 29.0
1054 46.0
1055 35.0
1056 35.0
1057 38.0
1058 78.0
1059 48.0
1060 42.0
1061 61.0
1062 27.0
1063 23.0
1064 33.0
1065 49.0
1066 45.0
1067 65.0
1068 58.0
1069 34.0
1070 29.0
1071 21.0
1072 29.0
1073 32.0
1074 40.0
1075 26.0
1076 26.0
1077 37.0
1078 80.0
1079 42.0
1080 32.0
1081 30.0
1082 54.0
1083 35.0
1084 29.0
1085 35.0
1086 33.0
1087 30.0
1088 34.0
1089 71.0
1090 40.0
1091 38.0
1092 25.0
1093 41.0
1094 23.0
1095 53.0
1096 47.0
1097 41.0
1098 40.0
1099 34.0
1100 36.0
1101 36.0
1102 36.0
1103 53.0
1104 38.0
1105 61.0
1106 42.0
1107 44.0
1108 16.0
1109 26.0
1110 63.0
1111 25.0
1112 33.0
1113 26.0
1114 54.0
1115 24.0
1116 30.0
1117 43.0
1118 37.0
1119 52.0
1120 22.0
1121 27.0
1122 22.0
1123 39.0
1124 54.0
1125 33.0
1126 43.0
1127 27.0
1128 24.0
1129 42.0
1130 22.0
1131 37.0
1132 53.0
1133 60.0
1134 28.0
1135 50.0
1136 33.0
1137 40.0
1138 48.0
1139 28.0
1140 23.0
1141 52.0
1142 28.0
1143 31.0
1144 38.0
1145 28.0
1146 42.0
1147 45.0
1148 37.0
1149 52.0
1150 31.0
1151 54.0
1152 31.0
1153 26.0
1154 41.0
1155 25.0
1156 26.0
1157 36.0
1158 22.0
1159 28.0
1160 18.0
1161 23.0
1162 33.0
1163 30.0
1164 22.0
1165 25.0
1166 16.0
1167 68.0
1168 22.0
1169 20.0
1170 40.0
1171 50.0
1172 23.0
1173 15.0
1174 22.0
1175 30.0
1176 31.0
1177 22.0
1178 30.0
1179 27.0
1180 41.0
1181 24.0
1182 64.0
1183 53.0
1184 37.0
1185 30.0
1186 40.0
1187 22.0
1188 49.0
1189 36.0
1190 30.0
1191 42.0
1192 23.0
1193 25.0
1194 40.0
1195 63.0
1196 40.0
1197 38.0
1198 21.0
1199 35.0
1200 23.0
1201 23.0
1202 29.0
1203 31.0
1204 42.0
1205 25.0
1206 43.0
1207 33.0
1208 32.0
1209 43.0
1210 93.0
1211 39.0
1212 29.0
1213 29.0
1214 29.0
1215 23.0
1216 54.0
1217 52.0
1218 36.0
1219 33.0
1220 20.0
1221 25.0
1222 30.0
1223 28.0
1224 81.0
1225 23.0
1226 40.0
1227 41.0
1228 32.0
1229 39.0
1230 48.0
1231 35.0
1232 24.0
1233 37.0
1234 31.0
1235 31.0
1236 38.0
1237 26.0
1238 25.0
1239 24.0
1240 57.0
1241 44.0
1242 33.0
1243 33.0
1244 50.0
1245 31.0
1246 26.0
1247 27.0
1248 62.0
1249 27.0
1250 42.0
1251 41.0
1252 29.0
1253 28.0
1254 27.0
1255 28.0
1256 46.0
1257 34.0
1258 28.0
1259 34.0
1260 39.0
1261 35.0
1262 26.0
1263 38.0
1264 20.0
1265 67.0
1266 29.0
1267 26.0
1268 44.0
1269 36.0
1270 26.0
1271 24.0
1272 33.0
1273 50.0
1274 24.0
1275 60.0
1276 43.0
1277 21.0
1278 33.0
1279 47.0
1280 42.0
1281 38.0
1282 22.0
1283 32.0
1284 28.0
1285 29.0
1286 34.0
1287 38.0
1288 34.0
1289 42.0
1290 23.0
1291 44.0
1292 27.0
1293 56.0
1294 34.0
1295 34.0
1296 28.0
1297 42.0
1298 28.0
1299 44.0
1300 47.0
1301 65.0
1302 28.0
1303 32.0
1304 28.0
1305 58.0
1306 77.0
1307 36.0
1308 21.0
1309 37.0
1310 44.0
1311 27.0
1312 35.0
1313 29.0
1314 26.0
1315 33.0
1316 28.0
1317 33.0
1318 35.0
1319 23.0
1320 27.0
1321 42.0
1322 23.0
1323 18.0
1324 60.0
1325 36.0
1326 27.0
1327 25.0
1328 26.0
1329 29.0
