0 17.0
1 26.0
2 19.0
3 20.0
4 9.0
5 27.0
6 28.0
7 12.0
8 16.0
9 21.0
10 9.0
11 15.0
12 20.0
13 13.0
14 21.0
15 26.0
16 22.0
17 22.0
18 15.0
19 16.0
20 41.0
21 14.0
22 13.0
23 29.0
24 31.0
25 17.0
26 23.0
27 11.0
28 38.0
29 12.0
30 15.0
31 24.0
32 15.0
33 28.0
34 14.0
35 14.0
36 11.0
37 10.0
38 17.0
39 13.0
40 9.0
41 14.0
42 18.0
43 17.0
44 19.0
45 14.0
46 30.0
47 14.0
48 14.0
49 11.0
50 16.0
51 13.0
52 11.0
53 11.0
54 23.0
55 12.0
56 15.0
57 11.0
58 14.0
59 21.0
60 12.0
61 13.0
62 20.0
63 12.0
64 14.0
65 22.0
66 29.0
67 25.0
68 35.0
69 16.0
70 23.0
71 20.0
72 16.0
73 37.0
74 14.0
75 26.0
76 30.0
77 16.0
78 29.0
79 15.0
80 17.0
81 27.0
82 19.0
83 20.0
84 29.0
85 25.0
86 13.0
87 17.0
88 18.0
89 34.0
90 42.0
91 17.0
92 24.0
93 15.0
94 12.0
95 27.0
96 14.0
97 16.0
98 12.0
99 28.0
100 21.0
101 37.0
102 24.0
103 28.0
104 22.0
105 20.0
106 20.0
107 18.0
108 19.0
109 27.0
110 18.0
111 16.0
112 11.0
113 18.0
114 26.0
115 33.0
116 15.0
117 19.0
118 26.0
119 17.0
120 24.0
121 20.0
122 20.0
123 49.0
124 12.0
125 17.0
126 31.0
127 25.0
128 25.0
129 24.0
130 27.0
131 21.0
132 20.0
133 26.0
134 22.0
135 31.0
136 21.0
137 14.0
138 21.0
139 33.0
140 10.0
141 28.0
142 17.0
143 20.0
144 20.0
145 15.0
146 27.0
147 18.0
148 17.0
149 18.0
150 16.0
151 10.0
152 17.0
153 12.0
154 10.0
155 9.0
156 10.0
157 17.0
158 22.0
159 21.0
160 23.0
161 18.0
162 16.0
163 25.0
164 21.0
165 16.0
166 29.0
167 11.0
168 11.0
169 12.0
170 10.0
171 11.0
172 19.0
173 20.0
174 24.0
175 20.0
176 14.0
177 15.0
178 12.0
179 21.0
180 18.0
181 18.0
182 18.0
183 10.0
184 30.0
185 10.0
186 11.0
187 24.0
188 11.0
189 17.0
190 17.0
191 14.0
192 20.0
193 21.0
194 13.0
195 19.0
196 27.0
197 23.0
198 18.0
199 16.0
200 25.0
201 17.0
202 15.0
203 52.0
204 10.0
205 15.0
206 11.0
207 11.0
208 14.0
209 13.0
210 32.0
211 17.0
212 21.0
213 27.0
214 14.0
215 11.0
216 33.0
217 43.0
218 34.0
219 14.0
220 17.0
221 12.0
222 44.0
223 22.0
224 52.0
225 43.0
226 12.0
227 60.0
228 41.0
229 52.0
230 11.0
231 12.0
232 10.0
233 9.0
234 9.0
235 10.0
236 32.0
237 11.0
238 41.0
239 11.0
240 33.0
241 19.0
242 51.0
243 9.0
244 38.0
245 22.0
246 44.0
247 19.0
248 10.0
249 9.0
250 10.0
251 32.0
252 39.0
253 11.0
254 9.0
255 12.0
256 22.0
257 10.0
258 16.0
259 13.0
260 9.0
261 30.0
262 11.0
263 27.0
264 12.0
265 24.0
266 20.0
267 11.0
268 28.0
269 23.0
270 15.0
271 10.0
272 15.0
273 9.0
274 25.0
275 24.0
276 16.0
277 14.0
278 21.0
279 13.0
280 12.0
281 17.0
282 12.0
283 12.0
284 22.0
285 22.0
286 22.0
287 15.0
288 15.0
289 17.0
290 13.0
291 19.0
292 23.0
293 8.0
294 10.0
295 23.0
296 15.0
297 14.0
298 18.0
299 14.0
300 24.0
301 15.0
302 16.0
303 18.0
304 14.0
305 14.0
306 14.0
307 11.0
308 20.0
309 10.0
310 11.0
311 19.0
312 20.0
313 22.0
314 10.0
315 18.0
316 9.0
317 45.0
318 12.0
319 15.0
320 9.0
321 15.0
322 15.0
323 13.0
324 16.0
325 13.0
326 23.0
327 14.0
328 11.0
329 16.0
330 9.0
331 9.0
332 9.0
333 21.0
334 20.0
335 14.0
336 11.0
337 20.0
338 13.0
339 13.0
340 15.0
341 14.0
342 13.0
343 9.0
344 8.0
345 9.0
346 24.0
347 13.0
348 25.0
349 20.0
350 16.0
351 12.0
352 13.0
353 19.0
354 16.0
355 28.0
356 12.0
357 19.0
358 24.0
359 19.0
360 41.0
361 23.0
362 31.0
363 15.0
364 13.0
365 21.0
366 9.0
367 34.0
368 15.0
369 28.0
370 28.0
371 11.0
372 24.0
373 24.0
374 12.0
375 29.0
376 34.0
377 33.0
378 11.0
379 15.0
380 13.0
381 24.0
382 26.0
383 30.0
384 27.0
385 16.0
386 30.0
387 26.0
388 35.0
389 27.0
390 9.0
391 15.0
392 28.0
393 9.0
394 27.0
395 13.0
396 27.0
397 35.0
398 31.0
399 9.0
400 8.0
401 18.0
402 9.0
403 29.0
404 33.0
405 24.0
406 71.0
407 33.0
408 10.0
409 32.0
410 14.0
411 20.0
412 15.0
413 11.0
414 18.0
415 9.0
416 22.0
417 12.0
418 32.0
419 16.0
420 27.0
421 20.0
422 36.0
423 19.0
424 21.0
425 11.0
426 35.0
427 24.0
428 34.0
429 10.0
430 34.0
431 14.0
432 9.0
433 22.0
434 19.0
435 19.0
436 21.0
437 41.0
438 14.0
439 19.0
440 13.0
441 21.0
442 22.0
443 34.0
444 21.0
445 15.0
446 35.0
447 28.0
448 47.0
449 29.0
450 52.0
451 26.0
452 22.0
453 34.0
454 37.0
455 19.0
456 10.0
457 16.0
458 8.0
459 14.0
460 13.0
461 9.0
462 14.0
463 9.0
464 44.0
465 28.0
466 28.0
467 23.0
468 20.0
469 36.0
470 53.0
471 23.0
472 22.0
473 35.0
474 15.0
475 22.0
476 23.0
477 27.0
478 17.0
479 16.0
480 25.0
481 19.0
482 31.0
483 35.0
484 30.0
485 27.0
486 30.0
487 27.0
488 20.0
489 34.0
490 36.0
491 33.0
492 52.0
493 26.0
494 27.0
495 19.0
496 32.0
497 31.0
498 28.0
499 57.0
500 48.0
501 9.0
502 22.0
503 10.0
504 37.0
505 43.0
506 13.0
507 20.0
508 56.0
509 15.0
510 42.0
511 34.0
512 29.0
513 23.0
514 26.0
515 24.0
516 45.0
517 36.0
518 46.0
519 35.0
520 34.0
521 21.0
522 23.0
523 47.0
524 65.0
525 24.0
526 21.0
527 49.0
528 29.0
529 50.0
530 24.0
531 50.0
532 36.0
533 22.0
534 40.0
535 28.0
536 16.0
537 27.0
538 20.0
539 44.0
540 20.0
541 28.0
542 28.0
543 31.0
544 52.0
545 47.0
546 41.0
547 41.0
548 30.0
549 10.0
550 40.0
551 34.0
552 11.0
553 48.0
554 24.0
555 28.0
556 39.0
557 23.0
558 53.0
559 26.0
560 45.0
561 34.0
562 40.0
563 39.0
564 23.0
565 12.0
566 35.0
567 40.0
568 40.0
569 29.0
570 17.0
571 30.0
572 23.0
573 45.0
574 46.0
575 47.0
576 10.0
577 32.0
578 29.0
579 50.0
580 25.0
581 30.0
582 29.0
583 23.0
584 51.0
585 26.0
586 57.0
587 28.0
588 48.0
589 21.0
590 38.0
591 37.0
592 31.0
593 30.0
594 24.0
595 31.0
596 72.0
597 31.0
598 37.0
599 28.0
600 23.0
601 18.0
602 27.0
603 28.0
604 33.0
605 25.0
606 29.0
607 10.0
608 55.0
609 35.0
610 37.0
611 21.0
612 25.0
613 34.0
614 34.0
615 8.0
616 9.0
617 9.0
618 37.0
619 35.0
620 24.0
621 74.0
622 24.0
623 34.0
624 28.0
625 44.0
626 81.0
627 14.0
628 37.0
629 20.0
630 16.0
631 48.0
632 29.0
633 22.0
634 73.0
635 43.0
636 38.0
637 28.0
638 26.0
639 24.0
640 32.0
641 40.0
642 43.0
643 22.0
644 41.0
645 25.0
646 33.0
647 26.0
648 50.0
649 10.0
650 28.0
651 59.0
652 27.0
653 38.0
654 58.0
655 38.0
656 38.0
657 62.0
658 35.0
659 43.0
660 53.0
661 30.0
662 31.0
663 44.0
664 40.0
665 25.0
666 28.0
667 24.0
668 35.0
669 25.0
670 27.0
671 34.0
672 56.0
673 34.0
674 24.0
675 44.0
676 23.0
677 37.0
678 30.0
679 35.0
680 36.0
681 56.0
682 47.0
683 35.0
684 49.0
685 40.0
686 38.0
687 23.0
688 24.0
689 71.0
690 56.0
691 37.0
692 38.0
693 35.0
694 39.0
695 22.0
696 61.0
697 23.0
698 46.0
699 22.0
700 29.0
701 29.0
702 41.0
703 36.0
704 24.0
705 51.0
706 25.0
707 33.0
708 49.0
709 25.0
710 49.0
711 71.0
712 34.0
713 23.0
714 33.0
715 47.0
716 36.0
717 43.0
718 45.0
719 27.0
720 40.0
721 38.0
722 62.0
723 30.0
724 59.0
725 27.0
726 26.0
727 69.0
728 41.0
729 40.0
730 84.0
731 64.0
732 37.0
733 39.0
734 44.0
735 39.0
736 61.0
737 50.0
738 44.0
739 59.0
740 31.0
741 29.0
742 44.0
743 19.0
744 55.0
745 31.0
746 81.0
747 32.0
748 35.0
749 22.0
750 35.0
751 53.0
752 26.0
753 29.0
754 27.0
755 33.0
756 87.0
757 20.0
758 23.0
759 64.0
760 55.0
761 29.0
762 26.0
763 33.0
764 37.0
765 27.0
766 42.0
767 33.0
768 43.0
769 31.0
770 42.0
771 29.0
772 37.0
773 29.0
774 36.0
775 24.0
776 30.0
777 33.0
778 25.0
779 32.0
780 30.0
781 42.0
782 54.0
783 45.0
784 47.0
785 29.0
786 35.0
787 78.0
788 43.0
789 29.0
790 39.0
791 76.0
792 55.0
793 87.0
794 65.0
795 43.0
796 51.0
797 62.0
798 30.0
799 59.0
800 54.0
801 62.0
802 25.0
803 21.0
804 55.0
805 31.0
806 40.0
807 31.0
808 63.0
809 91.0
810 29.0
811 64.0
812 49.0
813 10.0
814 37.0
815 36.0
816 40.0
817 62.0
818 46.0
819 30.0
820 30.0
821 41.0
822 48.0
823 27.0
824 28.0
825 73.0
826 39.0
827 40.0
828 25.0
829 22.0
830 40.0
831 18.0
832 55.0
833 50.0
834 76.0
835 8.0
836 39.0
837 9.0
838 63.0
839 48.0
840 25.0
841 49.0
842 89.0
843 45.0
844 55.0
845 31.0
846 29.0
847 48.0
848 29.0
849 60.0
850 44.0
851 10.0
852 53.0
853 60.0
854 48.0
855 54.0
856 91.0
857 48.0
858 52.0
859 42.0
860 31.0
861 44.0
862 34.0
863 43.0
864 59.0
865 30.0
866 32.0
867 35.0
868 87.0
869 38.0
870 52.0
871 39.0
872 32.0
873 115.0
874 69.0
875 45.0
876 47.0
877 100.0
878 31.0
879 69.0
880 45.0
881 48.0
882 48.0
883 33.0
884 26.0
885 10.0
886 65.0
887 34.0
888 66.0
889 39.0
890 75.0
891 40.0
892 41.0
893 48.0
894 59.0
895 142.0
896 73.0
897 42.0
898 34.0
899 34.0
900 34.0
901 60.0
902 57.0
903 65.0
904 28.0
905 9.0
906 67.0
907 39.0
908 71.0
909 49.0
910 83.0
911 89.0
912 48.0
913 10.0
914 43.0
915 73.0
916 42.0
917 28.0
918 71.0
919 67.0
920 126.0
921 55.0
922 37.0
923 47.0
924 56.0
925 49.0
926 54.0
927 68.0
928 64.0
929 52.0
930 50.0
931 55.0
932 10.0
933 85.0
934 83.0
935 64.0
936 32.0
937 73.0
938 68.0
939 63.0
940 79.0
941 64.0
942 50.0
943 40.0
944 64.0
945 86.0
946 64.0
947 55.0
948 66.0
949 85.0
950 77.0
951 45.0
952 78.0
953 53.0
954 76.0
955 44.0
956 70.0
957 58.0
958 41.0
959 62.0
960 49.0
961 72.0
962 58.0
963 40.0
964 46.0
965 58.0
966 83.0
967 83.0
968 58.0
969 51.0
970 67.0
971 39.0
972 64.0
973 74.0
974 75.0
975 70.0
976 93.0
977 105.0
978 46.0
979 126.0
980 56.0
981 53.0
982 63.0
983 77.0
984 78.0
985 58.0
986 41.0
987 63.0
988 49.0
989 101.0
990 123.0
991 54.0
992 67.0
993 71.0
994 112.0
995 54.0
996 42.0
997 74.0
998 42.0
999 53.0
1000 135.0
1001 74.0
1002 45.0
1003 96.0
1004 66.0
1005 40.0
1006 63.0
1007 53.0
1008 70.0
1009 46.0
1010 44.0
1011 44.0
1012 48.0
1013 40.0
1014 63.0
1015 61.0
1016 73.0
1017 66.0
1018 63.0
1019 44.0
1020 141.0
1021 82.0
1022 77.0
1023 87.0
1024 48.0
1025 65.0
1026 53.0
1027 58.0
1028 46.0
1029 40.0
1030 94.0
1031 40.0
1032 71.0
1033 65.0
1034 51.0
1035 42.0
1036 50.0
1037 45.0
1038 44.0
1039 106.0
1040 70.0
1041 35.0
1042 68.0
1043 49.0
1044 76.0
1045 68.0
1046 43.0
1047 112.0
1048 52.0
1049 59.0
1050 46.0
1051 33.0
1052 43.0
1053 42.0
1054 58.0
1055 55.0
1056 74.0
1057 47.0
1058 38.0
1059 34.0
1060 51.0
1061 42.0
1062 34.0
1063 44.0
1064 28.0
1065 39.0
1066 67.0
1067 61.0
1068 46.0
1069 56.0
1070 46.0
1071 46.0
1072 74.0
1073 127.0
1074 36.0
1075 33.0
1076 75.0
1077 50.0
1078 38.0
1079 50.0
1080 39.0
1081 71.0
1082 58.0
1083 9.0
1084 69.0
1085 9.0
1086 10.0
1087 10.0
1088 38.0
1089 52.0
1090 56.0
1091 10.0
1092 10.0
1093 45.0
1094 54.0
1095 78.0
1096 52.0
1097 162.0
1098 56.0
1099 91.0
1100 45.0
1101 43.0
1102 54.0
1103 48.0
1104 52.0
1105 47.0
1106 52.0
1107 49.0
1108 29.0
1109 59.0
1110 62.0
1111 54.0
1112 49.0
1113 64.0
1114 47.0
1115 37.0
1116 47.0
1117 101.0
1118 58.0
1119 43.0
1120 28.0
1121 57.0
1122 39.0
1123 70.0
1124 70.0
1125 74.0
1126 49.0
1127 46.0
1128 74.0
1129 35.0
1130 84.0
1131 43.0
1132 40.0
1133 31.0
1134 47.0
1135 36.0
1136 117.0
1137 51.0
1138 55.0
1139 61.0
1140 57.0
1141 60.0
1142 46.0
1143 61.0
1144 63.0
1145 45.0
1146 77.0
1147 70.0
1148 57.0
1149 63.0
1150 53.0
1151 49.0
1152 63.0
1153 44.0
1154 154.0
1155 40.0
1156 65.0
1157 48.0
1158 39.0
1159 57.0
1160 36.0
1161 57.0
1162 60.0
1163 48.0
1164 189.0
1165 125.0
1166 37.0
1167 46.0
1168 29.0
1169 32.0
1170 49.0
1171 46.0
1172 40.0
1173 49.0
1174 63.0
1175 108.0
1176 38.0
1177 65.0
1178 42.0
1179 71.0
1180 60.0
1181 46.0
1182 92.0
1183 145.0
1184 54.0
1185 43.0
1186 142.0
1187 47.0
1188 102.0
1189 75.0
1190 62.0
1191 60.0
1192 37.0
1193 66.0
1194 91.0
1195 43.0
1196 48.0
1197 83.0
1198 40.0
1199 42.0
1200 61.0
1201 48.0
1202 63.0
1203 55.0
1204 49.0
1205 50.0
1206 61.0
1207 61.0
1208 50.0
1209 69.0
1210 75.0
1211 61.0
1212 37.0
1213 120.0
1214 54.0
1215 83.0
1216 79.0
1217 52.0
1218 37.0
1219 50.0
1220 62.0
1221 131.0
1222 55.0
1223 73.0
1224 89.0
1225 62.0
1226 62.0
1227 70.0
1228 71.0
1229 56.0
1230 41.0
1231 56.0
1232 64.0
1233 48.0
1234 54.0
1235 78.0
1236 56.0
1237 49.0
1238 62.0
1239 38.0
1240 49.0
1241 47.0
1242 38.0
1243 61.0
1244 46.0
1245 63.0
1246 72.0
1247 43.0
1248 49.0
1249 109.0
1250 66.0
1251 52.0
1252 43.0
1253 75.0
1254 91.0
1255 134.0
1256 89.0
1257 66.0
1258 69.0
1259 82.0
1260 74.0
1261 101.0
1262 79.0
1263 80.0
1264 53.0
1265 93.0
1266 62.0
1267 62.0
1268 57.0
1269 60.0
1270 45.0
1271 38.0
1272 77.0
1273 55.0
1274 91.0
1275 75.0
1276 72.0
1277 42.0
1278 77.0
1279 81.0
1280 124.0
1281 80.0
1282 44.0
1283 54.0
1284 40.0
1285 59.0
1286 40.0
1287 54.0
1288 65.0
1289 60.0
1290 52.0
1291 52.0
1292 40.0
1293 58.0
1294 53.0
1295 91.0
1296 52.0
1297 55.0
1298 63.0
1299 57.0
1300 70.0
1301 60.0
1302 60.0
1303 43.0
1304 86.0
1305 48.0
1306 64.0
1307 38.0
1308 78.0
1309 78.0
1310 43.0
1311 39.0
1312 57.0
1313 50.0
1314 41.0
1315 78.0
1316 84.0
1317 74.0
1318 46.0
1319 35.0
1320 52.0
1321 74.0
1322 48.0
1323 87.0
1324 47.0
1325 51.0
1326 52.0
1327 49.0
1328 89.0
1329 71.0
1330 44.0
1331 61.0
1332 48.0
1333 40.0
1334 64.0
1335 38.0
1336 62.0
1337 39.0
1338 54.0
1339 39.0
1340 35.0
1341 45.0
1342 58.0
1343 54.0
1344 54.0
1345 53.0
1346 58.0
1347 45.0
1348 43.0
1349 47.0
1350 84.0
1351 67.0
1352 46.0
1353 33.0
1354 104.0
1355 58.0
1356 58.0
1357 50.0
1358 47.0
1359 45.0
1360 37.0
1361 78.0
1362 69.0
1363 65.0
1364 193.0
1365 54.0
1366 43.0
1367 42.0
1368 120.0
1369 49.0
1370 87.0
1371 79.0
1372 48.0
1373 44.0
1374 66.0
1375 38.0
1376 55.0
1377 43.0
1378 51.0
1379 96.0
1380 95.0
1381 97.0
