1 72.0
2 80.0
3 71.0
4 68.0
5 72.0
6 77.0
7 91.0
8 9.0
9 9.0
10 9.0
11 9.0
12 19.0
13 10.0
14 20.0
15 19.0
16 30.0
17 16.0
18 10.0
19 12.0
20 9.0
21 14.0
22 42.0
23 25.0
24 17.0
25 12.0
26 22.0
27 24.0
28 52.0
29 15.0
30 20.0
31 49.0
32 24.0
33 18.0
34 16.0
35 50.0
36 10.0
37 11.0
38 25.0
39 10.0
40 17.0
41 9.0
42 9.0
43 24.0
44 11.0
45 34.0
46 49.0
47 108.0
48 89.0
49 107.0
50 136.0
51 153.0
52 148.0
53 99.0
54 117.0
55 157.0
56 164.0
57 155.0
58 111.0
59 89.0
60 125.0
61 120.0
62 135.0
63 151.0
64 144.0
65 148.0
66 103.0
67 150.0
68 167.0
69 165.0
70 136.0
71 156.0
72 133.0
73 134.0
74 129.0
75 135.0
76 146.0
77 166.0
78 200.0
79 190.0
80 152.0
81 185.0
82 147.0
83 158.0
84 146.0
85 157.0
86 190.0
87 174.0
88 166.0
89 195.0
90 178.0
91 158.0
92 145.0
93 145.0
94 149.0
95 138.0
96 170.0
97 153.0
98 162.0
99 164.0
100 200.0
101 165.0
102 177.0
103 176.0
104 200.0
105 187.0
106 190.0
107 173.0
108 163.0
109 177.0
110 199.0
111 196.0
112 200.0
113 200.0
114 200.0