1 34
2 8
3 38
4 32
5 13
6 24
7 17
8 17
9 28
10 11
11 18
12 63
13 28
14 9
15 13
16 43
17 14
18 11
19 11
20 25
21 5
22 7
23 23
24 30
25 65
26 10
27 15
28 9
29 14
30 25
31 5
32 8
33 12
34 12
35 32
36 40
37 10
38 31
39 14
40 11
41 39
42 5
43 55
44 12
45 9
46 18
47 18
48 11
49 34
50 27
51 30
52 17
53 11
54 20
55 5
56 21
57 22
58 34
59 21
60 14
61 11
62 21
63 40
64 11
65 25
66 10
67 30
68 5
69 9
70 18
71 6
72 6
73 14
74 8
75 7
76 13
77 4
78 7
79 3
80 16
81 31
82 8
83 14
84 13
85 41
86 8
87 13
88 24
89 11
90 10
91 23
92 7
93 21
94 17
95 3
96 11
97 24
98 20
99 45
100 17
101 21
102 22
103 3
104 8
105 11
106 7
107 12
108 5
109 15
110 12
111 28
112 4
113 16
114 5
115 3
116 21
117 5
118 14
119 9
120 23
121 11
122 46
123 19
124 14
125 50
126 46
127 61
128 10
129 10
130 12
131 5
132 5
133 20
134 4
135 9
136 25
137 4
138 11
139 5
140 14
141 5
142 27
143 11
144 8
145 8
146 11
147 39
148 3
149 11
150 16
151 3
152 23
153 30
154 21
155 7
156 18
157 50
158 46
159 25
160 15
161 37
162 19
163 12
164 4
165 11
166 73
167 18
168 4
169 7
170 21
171 4
172 4
173 3
174 7
175 6
176 22
177 8
178 9
179 22
180 21
181 12
182 34
183 29
184 17
185 21
186 35
187 3
188 8
189 17
190 15
191 9
192 5
193 7
194 6
195 5
196 17
197 4
198 15
199 14
200 40
201 3
202 23
203 4
204 17
205 26
206 29
207 14
208 19
209 45
210 25
211 7
212 15
213 9
214 9
215 17
216 19
217 16
218 9
219 17
220 7
221 22
222 13
223 23
224 3
225 11
226 14
227 3
228 10
229 3
230 7
231 12
232 8
233 8
234 18
235 12
236 7
237 37
238 19
239 35
240 6
241 7
242 7
243 6
244 39
245 19
246 15
247 55
248 32
249 27
250 6
251 5
252 11
253 12
254 8
255 3
256 6
257 11
258 3
259 4
260 7
261 3
262 3
263 36
264 7
265 24
266 18
267 6
268 8
269 7
270 3
271 9
272 6
273 3
274 11
275 42
276 69
277 79
278 7
279 17
280 7
281 6
282 19
283 19
284 4
285 4
286 6
287 5
288 3
289 12
290 3
291 10
292 6
293 24
294 7
295 9
296 3
297 28
298 15
299 13
300 11
301 30
302 24
303 5
304 7
305 5
306 7
307 13
308 7
309 6
310 19
311 7
312 6
313 6
314 3
315 16
316 36
317 26
318 17
319 3
320 21
321 9
322 21
323 37
324 15
325 8
326 11
327 10
328 11
329 8
330 3
331 18
332 5
333 9
334 6
335 12
336 3
337 8
338 25
339 3
340 5
341 20
342 18
343 6
344 13
345 19
346 15
347 23
348 5
349 8
350 4
351 8
352 10
353 21
354 11
355 10
356 3
357 3
358 26
359 8
360 4
361 18
362 3
363 9
364 15
365 3
366 81
367 23
368 5
369 5
370 6
371 15
372 3
373 7
374 14
375 8
376 6
377 14
378 10
379 6
380 63
381 3
382 19
383 5
384 3
385 9
386 5
387 5
388 7
389 3
390 12
391 3
392 14
393 34
394 23
395 14
396 20
397 5
398 18
399 26
400 17
401 6
402 5
403 9
404 77
405 47
406 13
407 5
408 37
409 3
410 7
411 6
412 5
413 3
414 4
415 3
416 3
417 6
418 3
419 16
420 3
421 48
422 16
423 10
424 125
425 12
426 12
427 3
428 7
429 13
430 3
431 4
432 3
433 3
434 5
435 3
436 43
437 3
438 10
439 23
440 63
441 26
442 5
443 6
444 47
445 74
446 82
447 27
448 5
449 7
450 5
451 17
452 14
453 15
454 16
455 3
456 3
457 40
458 9
459 5
460 17
461 7
462 3
463 66
464 5
465 9
466 20
467 21
468 6
469 19
470 13
471 14
472 24
473 11
474 8
475 5
476 125
477 15
478 99
479 14
480 65
481 23
482 9
483 9
484 8
485 36
486 24
487 10
488 23
489 30
490 15
491 53
492 80
493 16
494 23
495 6
496 7
497 27
498 35
499 71
500 8
501 74
502 7
503 10
504 12
505 9
506 7
507 5
508 5
509 10
510 6
511 18
512 8
513 9
514 30
515 7
516 13
517 6
518 3
519 5
520 28
521 47
522 3
523 4
524 63
525 50
526 24
527 125
528 18
529 67
530 10
531 8
532 9
533 5
534 17
535 11
536 3
537 6
538 3
539 3
540 3
541 8
542 36
543 25
544 5
545 7
546 4
547 3
548 6
549 5
550 3
551 3
552 5
553 3
554 3
555 5
556 4
557 15
558 12
559 36
560 33
561 6
562 7
563 10
564 8
565 11
566 11
567 39
568 9
569 5
570 5
571 9
572 7
573 7
574 7
575 9
576 17
577 54
578 5
579 5
580 12
581 27
582 22
583 7
584 15
585 11
586 23
587 4
588 27
589 64
590 44
591 97
592 3
593 7
594 3
595 8
596 3
597 5
598 3
599 4
600 8
601 3
602 7
603 7
604 4
605 3
606 6
607 3
608 5
609 3
610 5
611 7
612 99
613 17
614 6
615 11
616 36
617 8
618 93
619 68
620 11
621 19
622 26
623 18
624 19
625 5
626 7
627 6
628 8
629 13
630 9
631 5
632 5
633 5
634 4
635 22
636 14
637 3
638 5
639 23
640 8
641 5
642 3
643 5
644 5
645 3
646 7
647 5
648 4
649 5
650 4
651 3
652 8
653 3
654 3
655 3
656 5
657 3
658 3
659 3
660 3
661 3
662 3
663 4
664 38
665 52
666 3
667 3
668 3
669 3
670 4
671 3
672 3
673 87
674 124
675 7
676 8
677 7
678 6
679 5
680 5
681 5
682 8
683 5
684 24
685 49
686 11
687 27
688 3
689 5
690 6
691 7
692 3
693 4
694 3
695 4
696 3
697 25
698 3
699 3
700 3
701 3
702 7
703 3
704 10
705 6
706 5
707 3
708 5
709 3
710 3
711 3
712 5
713 3
714 3
715 3
716 3
717 3
718 91
719 20
720 32
721 39
722 43
723 7
724 7
725 5
726 5
727 5
728 7
729 5
730 5
731 6
732 17
733 11
734 82
735 11
736 80
737 5
738 5
739 9
740 6
741 6
742 7
743 6
744 5
745 5
746 6
747 5
748 5
749 5
750 6
751 5
752 20
753 64
754 51
755 5
756 8
757 125
758 9
759 80
760 27
761 14
762 5
763 5
764 7
765 5
766 7
767 5
768 5
769 7
770 5
771 6
772 6
773 19
774 27
775 5
776 120
777 125
778 9
779 45
780 125
781 18
782 51
783 7
784 23
785 5
786 5
787 7
788 5
789 7
790 5
791 5
792 5
793 7
794 5
795 5
796 8
797 6
798 6
799 5
800 6
801 11
802 50
803 125
804 5
805 5
806 5
807 5
808 7
809 5
810 5
811 5
812 8
813 5
814 5
815 5
816 5
817 5
818 5
819 5
820 125
821 16
822 29
823 14
824 8
825 5
826 125
827 36
828 16
829 125
830 7
831 74
832 52
833 9
834 9
835 5
836 5
837 5
838 7
839 5
840 7
841 5
842 5
843 68
844 34
845 42
846 5
847 5
848 7
849 3
850 3
851 3
852 3
853 3
854 3
855 3
856 3
857 3
858 5
859 3
860 3
861 3
862 5
863 3
864 3
865 5
866 3
867 3
868 3
869 5
870 3
871 3
872 3
873 3
874 3
875 4
876 3
877 4
878 3
879 3
880 3
881 3
882 3
883 4
884 3
885 3
886 3
887 5
888 3
889 3
890 3
891 3
892 3
893 3
894 3
895 3
896 3
897 5
898 3
899 3
900 3
901 3
902 3
903 4
904 3
905 3
906 3
907 3
908 3
909 3
910 3
911 107
912 3
913 3
914 3
915 3
916 125
917 7
918 7
919 7
920 7
921 125
922 7
923 7
924 7
925 7
926 7
927 125
928 60
929 5
930 5
931 5
932 5
933 5
934 125
935 5
936 5
937 5
938 5
939 5
940 5
941 5
942 5
943 5
944 5
945 5
946 5
947 5
948 5
949 5
950 5
951 5
952 5
953 125
954 6
955 5
956 5
957 5
958 5
959 5
960 5
