1 16
2 36
3 13
4 39
5 26
6 12
7 31
8 67
9 39
10 29
11 12
12 20
13 8
14 15
15 6
16 22
17 25
18 14
19 18
20 16
21 100
22 19
23 12
24 17
25 7
26 42
27 18
28 8
29 6
30 40
31 15
32 14
33 20
34 5
35 11
36 3
37 5
38 14
39 17
40 13
41 8
42 14
43 10
44 50
45 17
46 31
47 41
48 29
49 3
50 10
51 13
52 18
53 49
54 6
55 16
56 15
57 9
58 29
59 5
60 5
61 11
62 29
63 4
64 6
65 15
66 15
67 7
68 45
69 4
70 12
71 5
72 16
73 8
74 17
75 6
76 19
77 28
78 14
79 27
80 23
81 20
82 39
83 12
84 87
85 12
86 10
87 7
88 10
89 6
90 12
91 15
92 4
93 11
94 9
95 11
96 19
97 22
98 9
99 3
100 3
101 19
102 49
103 19
104 24
105 36
106 5
107 4
108 16
109 8
110 9
111 16
112 14
113 9
114 53
115 17
116 5
117 9
118 31
119 11
120 20
121 10
122 63
123 32
124 42
125 47
126 9
127 9
128 57
129 6
130 21
131 14
132 19
133 4
134 12
135 24
136 20
137 53
138 27
139 49
140 21
141 8
142 23
143 49
144 18
145 22
146 99
147 17
148 17
149 15
150 47
151 30
152 14
153 14
154 23
155 22
156 35
157 14
158 7
159 7
160 9
161 10
162 3
163 16
164 11
165 16
166 9
167 32
168 19
169 14
170 29
171 3
172 17
173 8
174 11
175 8
176 5
177 18
178 7
179 6
180 7
181 10
182 17
183 13
184 24
185 12
186 13
187 20
188 6
189 14
190 10
191 26
192 43
193 5
194 39
195 17
196 33
197 13
198 5
199 77
200 17
201 20
202 49
203 71
204 8
205 57
206 55
207 20
208 32
209 3
210 6
211 9
212 7
213 16
214 32
215 6
216 5
217 18
218 40
219 19
220 17
221 18
222 48
223 18
224 7
225 91
226 44
227 70
228 3
229 37
230 13
231 39
232 3
233 13
234 10
235 4
236 14
237 15
238 10
239 34
240 42
241 28
242 45
243 33
244 27
245 43
246 9
247 23
248 9
249 23
250 3
251 10
252 4
253 3
254 4
255 3
256 7
257 5
258 125
259 25
260 8
261 34
262 7
263 22
264 8
265 17
266 3
267 4
268 7
269 78
270 17
271 11
272 9
273 22
274 23
275 21
276 68
277 38
278 74
279 7
280 5
281 17
282 57
283 7
284 30
285 6
286 9
287 19
288 28
289 9
290 15
291 69
292 35
293 9
294 92
295 17
296 37
297 31
298 3
299 38
300 26
301 33
302 48
303 42
304 35
305 42
306 37
307 81
308 67
309 27
310 40
311 74
312 9
313 29
314 51
315 27
316 14
317 9
318 41
319 8
320 3
321 7
322 4
323 9
324 12
325 6
326 7
327 7
328 6
329 7
330 5
331 11
332 8
333 5
334 15
335 12
336 5
337 9
338 6
339 5
340 3
341 3
342 7
343 13
344 52
345 17
346 30
347 23
348 3
349 9
350 3
351 3
352 7
353 3
354 4
355 3
356 26
357 7
358 3
359 4
360 6
361 3
362 36
363 20
364 37
365 3
366 39
367 71
368 22
369 20
370 7
371 7
372 3
373 5
374 9
375 6
376 33
377 16
378 9
379 3
380 15
381 11
382 16
383 6
384 5
385 11
386 5
387 7
388 9
389 6
390 7
391 9
392 5
393 5
394 3
395 8
396 6
397 3
398 7
399 9
400 3
401 4
402 9
403 5
404 5
405 5
406 12
407 7
408 5
409 5
410 12
411 11
412 5
413 5
414 13
415 3
416 7
417 9
418 6
419 11
420 8
421 8
422 26
423 5
424 3
425 5
426 12
427 8
428 18
429 25
430 5
431 7
432 8
433 7
434 3
435 3
436 3
437 3
438 8
439 5
440 6
441 3
442 4
443 3
444 3
445 4
446 10
447 3
448 3
449 5
450 3
451 3
452 3
453 3
454 3
455 3
456 3
457 5
458 7
459 3
460 4
461 3
462 4
463 3
464 3
465 3
466 5
467 12
468 9
469 7
470 4
471 4
472 7
473 6
474 5
475 5
476 5
477 6
478 5
479 6
480 20
481 6
482 3
483 6
484 20
485 14
486 6
487 6
488 6
489 6
490 5
491 5
492 7
493 5
494 7
495 3
496 3
497 3
498 4
499 5
500 5
501 5
502 5
503 5
504 5
505 5
506 5
507 5
508 6
509 6
510 5
511 5
512 5
513 31
514 5
515 5
516 19
517 7
518 11
519 9
520 6
521 5
522 5
523 3
524 3
525 18
526 12
527 4
528 12
529 7
530 5
531 5
532 12
533 3
534 11
535 5
536 9
537 6
538 9
539 7
540 7
541 7
542 5
543 7
544 5
545 12
546 7
547 6
548 7
549 3
550 3
551 3
552 7
553 12
554 5
555 5
556 5
557 5
558 19
559 5
560 7
561 5
562 3
563 3
564 3
565 3
566 3
567 3
568 15
569 6
570 9
571 6
572 3
573 5
574 5
575 5
576 3
577 8
578 7
579 3
580 3
581 3
582 5
583 6
584 5
585 5
586 7
587 6
588 5
589 6
590 5
591 3
592 5
593 4
594 3
595 3
596 3
597 12
598 3
599 3
600 3
601 3
602 3
603 3
604 3
605 3
606 4
607 3
608 3
609 3
610 3
611 3
612 3
613 3
614 3
615 3
616 3
617 3
618 3
619 3
620 3
621 3
622 3
623 3
624 3
625 3
626 3
627 7
628 5
629 5
630 5
631 7
632 5
633 5
634 3
635 3
636 5
637 5
638 5
639 5
640 5
641 12
642 7
643 5
644 5
645 5
646 5
647 5
648 5
649 5
650 5
651 5
652 3
653 3
654 3
655 3
656 3
657 3
658 3
659 8
660 10
661 7
662 7
663 7
664 7
665 6
666 6
667 3
668 3
669 7
670 8
671 3
672 3
