1 11.0
2 9.0
3 9.0
4 9.0
5 10.0
6 9.0
7 8.0
8 9.0
9 9.0
10 8.0
11 9.0
12 10.0
13 9.0
14 10.0
15 10.0
16 10.0
17 10.0
18 9.0
19 9.0
20 8.0
21 9.0
22 9.0
23 8.0
24 8.0
25 8.0
26 9.0
27 9.0
28 9.0
29 9.0
30 9.0
31 8.0
32 9.0
33 9.0
34 10.0
35 8.0
36 9.0
37 10.0
38 11.0
39 10.0
40 9.0
41 9.0
42 10.0
43 10.0
44 8.0
45 8.0
46 10.0
47 9.0
48 10.0
49 8.0
50 8.0
51 9.0
52 8.0
53 10.0
54 10.0
55 8.0
56 11.0
57 10.0
58 10.0
59 13.0
60 9.0
61 9.0
62 9.0
63 10.0
64 9.0
65 10.0
66 9.0
67 9.0
68 9.0
69 8.0
70 8.0
71 8.0
72 10.0
73 10.0
74 10.0
75 9.0
76 10.0
77 9.0
78 10.0
79 9.0
80 10.0
81 10.0
82 10.0
83 8.0
84 10.0
85 10.0
86 9.0
87 10.0
88 8.0
89 10.0
90 10.0
91 10.0
92 9.0
93 10.0
94 9.0
95 9.0
96 8.0
97 10.0
98 8.0
99 9.0
100 10.0
101 11.0
102 10.0
103 8.0
104 8.0
105 9.0
106 10.0
107 9.0
108 10.0
109 9.0
110 16.0
111 13.0
112 10.0
113 18.0
114 11.0
115 28.0
116 10.0
117 18.0
118 9.0
119 10.0
120 19.0
121 9.0
122 9.0
123 10.0
124 56.0
125 35.0
126 28.0
127 11.0
128 18.0
129 75.0
130 17.0
131 46.0
132 53.0
133 16.0
134 84.0
135 97.0
136 115.0
137 200.0
138 112.0
139 163.0
140 137.0
141 149.0
142 152.0
143 156.0
144 180.0
145 160.0
146 190.0
147 196.0
148 178.0
149 168.0
150 163.0
151 169.0
152 168.0
153 167.0
154 171.0
155 187.0
156 172.0
157 164.0
158 172.0
159 200.0
160 176.0
161 200.0
162 159.0
163 186.0
164 194.0
165 182.0
166 165.0
167 191.0
168 200.0
169 200.0
170 179.0
171 157.0
172 200.0
173 186.0
174 200.0
175 195.0
176 153.0
177 183.0
178 200.0
179 187.0
180 200.0
181 200.0
182 200.0
183 167.0
184 195.0
185 200.0
186 200.0
187 200.0
188 200.0
189 200.0
190 91.0
191 200.0
192 200.0
193 200.0
194 191.0
195 190.0
196 162.0
197 200.0
198 180.0
199 200.0
200 200.0
