1 11.0
2 9.0
3 9.0
4 9.0
5 10.0
6 9.0
7 8.0
8 9.0
9 9.0
10 8.0
11 9.0
12 10.0
13 9.0
14 10.0
15 10.0
16 10.0
17 10.0
18 9.0
19 9.0
20 8.0
21 9.0
22 9.0
23 8.0
24 8.0
25 8.0
26 9.0
27 9.0
28 9.0
29 9.0
30 9.0
31 8.0
32 9.0
33 9.0
34 10.0
35 8.0
36 9.0
37 10.0
38 11.0
39 10.0
40 9.0
41 9.0
42 10.0
43 10.0
44 8.0
45 8.0
46 10.0
47 9.0
48 10.0
49 8.0
50 8.0
51 9.0
52 8.0
53 10.0
54 10.0
55 8.0
56 11.0
57 10.0
58 10.0
59 13.0
60 9.0
61 9.0
62 9.0
63 10.0
64 9.0
65 10.0
66 9.0
67 9.0
68 9.0
69 8.0
70 8.0
71 8.0
72 10.0
73 10.0
74 10.0
75 9.0
76 10.0
77 9.0
78 10.0
79 9.0
80 10.0
81 10.0
82 10.0
83 8.0
84 10.0
85 10.0
86 9.0
87 10.0
88 8.0
89 10.0
90 10.0
91 10.0
92 9.0
93 10.0
94 9.0
95 9.0
96 8.0
97 10.0
98 8.0
99 9.0
100 10.0
101 11.0
102 10.0
103 8.0
104 8.0
105 9.0
106 10.0
107 9.0
108 10.0
109 9.0
110 23.0
111 21.0
112 12.0
113 26.0
114 10.0
115 10.0
116 22.0
117 11.0
118 9.0
119 30.0
120 106.0
121 11.0
122 58.0
123 9.0
124 11.0
125 14.0
126 35.0
127 9.0
128 11.0
129 11.0
130 55.0
131 24.0
132 29.0
133 88.0
134 70.0
135 41.0
136 59.0
137 50.0
138 51.0
139 58.0
140 105.0
141 116.0
142 71.0
143 87.0
144 174.0
145 131.0
146 177.0
147 200.0
148 141.0
149 162.0
150 121.0
151 200.0
152 200.0
153 200.0
154 200.0
155 200.0
156 200.0
157 200.0
158 200.0
159 200.0
160 200.0
161 144.0
162 125.0
163 200.0
164 174.0
165 162.0
166 200.0
167 200.0
168 200.0
169 162.0
170 135.0
171 200.0
172 154.0
173 106.0
174 132.0
175 124.0
176 137.0
177 163.0
178 150.0
179 167.0
180 185.0
181 135.0
182 200.0
183 127.0
184 143.0
185 134.0
186 143.0
187 200.0
188 200.0
189 73.0
190 39.0
191 200.0
192 177.0
193 144.0
194 157.0
195 200.0
196 200.0
197 200.0
198 176.0
199 151.0
200 181.0
