1 11.0
2 9.0
3 9.0
4 9.0
5 10.0
6 9.0
7 8.0
8 9.0
9 9.0
10 8.0
11 9.0
12 10.0
13 9.0
14 10.0
15 10.0
16 10.0
17 10.0
18 9.0
19 9.0
20 8.0
21 9.0
22 9.0
23 8.0
24 8.0
25 8.0
26 9.0
27 9.0
28 9.0
29 9.0
30 9.0
31 8.0
32 9.0
33 9.0
34 10.0
35 8.0
36 9.0
37 10.0
38 11.0
39 10.0
40 9.0
41 9.0
42 10.0
43 10.0
44 8.0
45 8.0
46 10.0
47 9.0
48 10.0
49 8.0
50 8.0
51 9.0
52 8.0
53 10.0
54 10.0
55 8.0
56 11.0
57 10.0
58 10.0
59 13.0
60 9.0
61 9.0
62 9.0
63 10.0
64 9.0
65 10.0
66 9.0
67 9.0
68 9.0
69 8.0
70 8.0
71 8.0
72 10.0
73 10.0
74 10.0
75 9.0
76 10.0
77 9.0
78 10.0
79 9.0
80 10.0
81 10.0
82 10.0
83 8.0
84 10.0
85 10.0
86 9.0
87 10.0
88 8.0
89 10.0
90 10.0
91 10.0
92 9.0
93 10.0
94 9.0
95 9.0
96 8.0
97 10.0
98 8.0
99 9.0
100 10.0
101 11.0
102 10.0
103 8.0
104 8.0
105 9.0
106 10.0
107 9.0
108 10.0
109 9.0
110 12.0
111 12.0
112 19.0
113 11.0
114 12.0
115 11.0
116 11.0
117 9.0
118 10.0
119 17.0
120 9.0
121 9.0
122 53.0
123 23.0
124 11.0
125 9.0
126 10.0
127 15.0
128 12.0
129 9.0
130 11.0
131 14.0
132 10.0
133 22.0
134 32.0
135 9.0
136 11.0
137 9.0
138 14.0
139 12.0
140 11.0
141 8.0
142 11.0
143 11.0
144 13.0
145 29.0
146 9.0
147 11.0
148 34.0
149 13.0
150 87.0
151 13.0
152 45.0
153 58.0
154 19.0
155 53.0
156 30.0
157 43.0
158 53.0
159 83.0
160 83.0
161 17.0
162 56.0
163 102.0
164 121.0
165 150.0
166 163.0
167 200.0
168 177.0
169 136.0
170 79.0
171 92.0
172 123.0
173 98.0
174 168.0
175 115.0
176 176.0
177 168.0
178 178.0
179 200.0
180 188.0
181 149.0
182 174.0
183 200.0
184 200.0
185 200.0
186 200.0
187 200.0
188 189.0
189 200.0
190 183.0
191 164.0
192 131.0
193 200.0
194 173.0
195 147.0
196 200.0
197 200.0
198 186.0
199 183.0
200 200.0
