1 0.0021900299470871687
2 0.0006078755250200629
3 0.12645964324474335
4 0.12207391113042831
5 0.0010058996267616749
6 0.002103616250678897
7 0.060966260731220245
8 0.002530040219426155
9 0.07612627744674683
10 0.05355200543999672
11 0.05267559736967087
12 0.05169118940830231
13 0.1629985272884369
14 0.051596250385046005
15 0.0460771843791008
16 0.10583552718162537
17 0.1189553365111351
18 0.050659697502851486
19 0.04578288272023201
20 0.045424800366163254
21 0.07031088322401047
22 0.19609543681144714
23 0.02117690071463585
24 0.048917993903160095
25 0.04132751375436783
26 0.03389860689640045
27 0.04694465920329094
28 0.01678222231566906
29 0.195839524269104
30 0.06696716696023941
31 0.11006206274032593
32 0.053211722522974014
33 0.04956085979938507
34 0.01438198983669281
35 0.05297476798295975
36 0.09160459786653519
37 0.004202549811452627
38 0.008031927980482578
39 0.05653844401240349
40 0.004938638303428888
41 0.055398400872945786
42 0.05684242025017738
43 0.0573226734995842
44 0.0008984621381387115
45 0.0014846647391095757
46 0.0584847666323185
47 0.0011328577529639006
48 0.0009579322068020701
49 0.05940357223153114
50 0.12516184151172638
51 0.05907744914293289
52 0.0588010735809803
53 0.00034138403134420514
54 0.0674467533826828
55 0.0005148487980477512
56 0.1758764386177063
57 0.000531650148332119
58 0.11825621128082275
59 0.1172090545296669
60 0.05554204806685448
61 0.00025178378564305604
62 0.16715708374977112
63 0.24005939066410065
64 0.07682318985462189
65 0.0028815094847232103
66 0.23734800517559052
67 0.1543661653995514
68 0.05941515788435936
69 0.10920687019824982
70 0.15853406488895416
71 0.052907656878232956
72 0.19008013606071472
73 0.051654186099767685
74 0.05427335202693939
75 0.10547668486833572
76 0.010759028606116772
77 0.08292767405509949
78 0.007349388673901558
79 0.005168496631085873
80 0.0818280428647995
81 0.10250064730644226
82 0.004944333340972662
83 0.07553743571043015
84 0.0021184911020100117
85 0.0017958245007321239
86 0.11858029663562775
87 0.0027269418351352215
88 0.0019049133406952024
89 0.06492536514997482
90 0.001660314854234457
91 0.0549217090010643
92 0.055310945957899094
93 0.058988913893699646
94 0.057097166776657104
95 0.05630180239677429
96 0.17037323117256165
97 0.0023717540316283703
98 0.0030170788522809744
99 0.003602557349950075
100 0.002662543673068285
101 0.006160363554954529
102 0.0024419056717306376
103 0.07801315188407898
104 0.05612993612885475
105 0.1289690136909485
106 0.004045675043016672
107 0.10781583189964294
108 0.055954113602638245
109 0.004205801989883184
110 0.0018537100404500961
111 0.0039383359253406525
112 0.055729351937770844
113 0.0017668973887339234
114 0.12938660383224487
115 0.0018584737554192543
116 0.0011166906915605068
117 0.05743703246116638
118 0.18057987093925476
119 0.0020366660319268703
120 0.057720087468624115
121 0.10927942395210266
122 0.0018053941894322634
123 0.0585162378847599
124 0.27803874015808105
125 0.16652384400367737
126 0.006166775245219469
127 0.10775408148765564
128 0.05782794952392578
129 0.0682191476225853
130 0.008841515518724918
131 0.005799325183033943
132 0.06535322219133377
133 0.004332695156335831
134 0.004617996979504824
135 0.1331365406513214
136 0.0021309861913323402
137 0.05269504711031914
138 0.011934692971408367
139 0.11506503820419312
140 0.008838909678161144
141 0.05884268507361412
142 0.00689625134691596
143 0.053098414093256
144 0.004432977177202702
145 0.006071964278817177
146 0.008214033208787441
147 0.05821380019187927
148 0.13295729458332062
149 0.08204293251037598
150 0.12801876664161682
151 0.0034171591978520155
152 0.003150331322103739
153 0.07144355028867722
154 0.06941118836402893
155 0.07611306011676788
156 0.12763509154319763
157 0.0645146518945694
158 0.06410602480173111
159 0.0009656535112299025
160 0.06525379419326782
161 0.06517268717288971
162 0.000599500781390816
163 0.11833898723125458
164 0.12501563131809235
165 0.0008089165203273296
166 0.120759978890419
167 0.12471691519021988
168 0.066776804625988
169 0.0016313621308654547
170 0.1196514442563057
171 0.0017928751185536385
172 0.0017174993408843875
173 0.06588593870401382
174 0.0635099709033966
175 0.06488460302352905
176 0.06217058375477791
177 0.002704700455069542
178 0.003936505410820246
179 0.05365077406167984
180 0.0023405407555401325
181 0.10808447003364563
182 0.0030659439507871866
183 0.07534578442573547
184 0.0034042932093143463
185 0.002316402504220605
186 0.05514799803495407
187 0.16766968369483948
188 0.0021152645349502563
189 0.17051468789577484
190 0.0527094304561615
191 0.0523037388920784
192 0.1201288029551506
193 0.11111333221197128
194 0.12447884678840637
195 0.00348811037838459
196 0.04801483452320099
197 0.12729229032993317
198 0.22375443577766418
199 0.1894928216934204
200 0.0016698222607374191
201 0.004498474765568972
202 0.11303099244832993
203 0.00883331336081028
204 0.1229834333062172
205 0.00809851661324501
206 0.1017712727189064
207 0.006285246927291155
208 0.005119867157191038
209 0.04842226952314377
210 0.0073815942741930485
211 0.05642106756567955
212 0.049888309091329575
213 0.06101547181606293
214 0.004851659294217825
215 0.002943082246929407
216 0.11242339760065079
217 0.09732428938150406
218 0.06731033325195312
219 0.005913883913308382
220 0.05044989287853241
221 0.1115107461810112
222 0.005215960554778576
223 0.05089125037193298
224 0.005272528622299433
225 0.09211543202400208
226 0.17887535691261292
227 0.171080082654953
228 0.04470272362232208
229 0.14107657968997955
230 0.004185034427791834
231 0.007839612662792206
232 0.004746923688799143
233 0.110372394323349
234 0.005761886015534401
235 0.008078981190919876
236 0.0050299870781600475
237 0.08752621710300446
238 0.004423454403877258
239 0.0034703926648944616
240 0.05375954508781433
241 0.0015237071784213185
242 0.001999288098886609
243 0.07353387773036957
244 0.002452796557918191
245 0.05448009446263313
246 0.00209828675724566
247 0.05420626699924469
248 0.002909545786678791
249 0.0031045181676745415
250 0.06192240118980408
251 0.0011753789149224758
252 0.0021062090527266264
253 0.0038577192462980747
254 0.11750535666942596
255 0.05354201793670654
256 0.0024900746066123247
257 0.0018261207733303308
258 0.002874926198273897
259 0.05390944331884384
260 0.11705335229635239
261 0.05379289761185646
262 0.06295434385538101
263 0.0014538607792928815
264 0.0032816813327372074
265 0.049719903618097305
266 0.002616136334836483
267 0.11300668120384216
268 0.0027456232346594334
269 0.00357482279650867
270 0.10836143046617508
271 0.002484699012711644
272 0.0021468286868184805
273 0.055421870201826096
274 0.06443944573402405
275 0.005087424535304308
276 0.046364925801754
277 0.0860796794295311
278 0.042733095586299896
279 0.0027558214496821165
280 0.06308108568191528
281 0.0016017560847103596
282 0.005353637970983982
283 0.037371233105659485
284 0.0631086528301239
285 0.06334623694419861
286 0.04118098318576813
287 0.01207208912819624
288 0.15270587801933289
289 0.0062574115581810474
290 0.11901320517063141
291 0.06001337617635727
292 0.05878424271941185
293 0.002463564509525895
294 0.06283628195524216
295 0.039661653339862823
296 0.01935766637325287
297 0.11262191832065582
298 0.0036227682139724493
299 0.007527013309299946
300 0.039685480296611786
301 0.007820283062756062
302 0.11474180966615677
303 0.012386493384838104
304 0.06802356988191605
305 0.05768938735127449
306 0.004170710686594248
307 0.004720535594969988
308 0.05373857915401459
309 0.1258464753627777
310 0.005903506651520729
311 0.0687807947397232
312 0.004443662241101265
313 0.007212014868855476
314 0.1372094750404358
315 0.19712302088737488
316 0.0035430733114480972
317 0.002626449102535844
318 0.1074831485748291
319 0.0028010732494294643
320 0.04283243417739868
321 0.19418548047542572
322 0.0024547791108489037
323 0.06217801570892334
324 0.004855403210967779
325 0.07650778442621231
326 0.004836502950638533
327 0.13771001994609833
328 0.2856849431991577
329 0.05951126292347908
330 0.05971121788024902
331 0.005635643843561411
332 0.006355151068419218
333 0.05663694068789482
334 0.005909769330173731
335 0.003975298255681992
336 0.004600380547344685
337 0.05127302557229996
338 0.003164011985063553
339 0.12836895883083344
340 0.12761251628398895
341 0.10176878422498703
342 0.0526689849793911
343 0.05409272387623787
344 0.16520722210407257
345 0.0029146182350814342
346 0.11791640520095825
347 0.008964949287474155
348 0.0022816332057118416
349 0.05010553449392319
350 0.049626078456640244
351 0.04494570568203926
352 0.1260014921426773
353 0.12432502210140228
354 0.094547800719738
355 0.0497233010828495
356 0.005681911017745733
357 0.006339672487229109
358 0.007557511329650879
359 0.05465397238731384
360 0.09661171585321426
361 0.01091369055211544
362 0.01764567755162716
363 0.016461990773677826
364 0.0459328256547451
365 0.06507836282253265
366 0.05916871875524521
367 0.07991774380207062
368 0.00489859888330102
369 0.05114927142858505
370 0.004083435051143169
371 0.0043539670296013355
372 0.006698134355247021
373 0.05757379159331322
374 0.0054759737104177475
375 0.07427802681922913
376 0.05498795956373215
377 0.002410187851637602
378 0.07260968536138535
379 0.0015590364346280694
380 0.11221082508563995
381 0.11553669720888138
382 0.0018425900489091873
383 0.0018412009812891483
384 0.06833777576684952
385 0.12342839688062668
386 0.12176404148340225
387 0.05806891247630119
388 0.0026598633266985416
389 0.003141919383779168
390 0.06064218282699585
391 0.0015215873718261719
392 0.05691564455628395
393 0.002229920821264386
394 0.0018806231673806906
395 0.05532452091574669
396 0.06360943615436554
397 0.003324826480820775
398 0.0551055371761322
399 0.062281038612127304
400 0.05611569434404373
401 0.07267661392688751
402 0.006653233431279659
403 0.08465779572725296
404 0.0062102871015667915
405 0.05815543234348297
406 0.05792926624417305
407 0.004029917996376753
408 0.11525686830282211
409 0.00560453487560153
410 0.004872961901128292
411 0.0052061546593904495
412 0.0027784728445112705
413 0.06610552966594696
414 0.05693807825446129
415 0.15664410591125488
416 0.0038821687921881676
417 0.10415082424879074
418 0.003125544637441635
419 0.006888996344059706
420 0.05246300995349884
421 0.003743877401575446
422 0.04355057701468468
423 0.0032968532759696245
424 0.14511683583259583
425 0.00440519442781806
426 0.004625890403985977
427 0.12199197709560394
428 0.0069785877130925655
429 0.07423931360244751
430 0.050480034202337265
431 0.06999676674604416
432 0.10922602564096451
433 0.05222484841942787
434 0.008119289763271809
435 0.0501495860517025
436 0.05081668868660927
437 0.04674837738275528
438 0.13549819588661194
439 0.045711178332567215
440 0.0068839495070278645
441 0.09423350542783737
442 0.09037192165851593
443 0.04579998180270195
444 0.04225156456232071
445 0.09325393289327621
446 0.014301647432148457
447 0.0635923519730568
448 0.024030085653066635
449 0.01936790719628334
450 0.010749364271759987
451 0.01444617286324501
452 0.09185776859521866
453 0.08997351676225662
454 0.07446054369211197
455 0.01445391122251749
456 0.01888260804116726
457 0.13534091413021088
458 0.04786127433180809
459 0.015017901547253132
460 0.009610584005713463
461 0.09558720886707306
462 0.009381284937262535
463 0.012848053127527237
464 0.05454593896865845
465 0.007046546787023544
466 0.005933962296694517
467 0.15017035603523254
468 0.0036622113548219204
469 0.004492781590670347
470 0.010867548175156116
471 0.004952321294695139
472 0.0033625862561166286
473 0.008270063437521458
474 0.0059775421395897865
475 0.004281601868569851
476 0.052858855575323105
477 0.052509792149066925
478 0.0033914416562765837
479 0.07100182771682739
480 0.0009797598468139768
481 0.011597891338169575
482 0.001932586426846683
483 0.0659986212849617
484 0.0022771782241761684
485 0.002087600063532591
486 0.006365496199578047
487 0.06000788137316704
488 0.1803463101387024
489 0.22395172715187073
490 0.11109297722578049
491 0.06336677074432373
492 0.10526958107948303
493 0.06397941708564758
494 0.0730552151799202
495 0.06566603481769562
496 0.06113453209400177
497 0.05235346779227257
498 0.05506904795765877
499 0.06261534988880157
500 0.005634629167616367
501 0.06704718619585037
502 0.029535600915551186
503 0.06310141831636429
504 0.14549604058265686
505 0.014265296049416065
506 0.0906686931848526
507 0.05471442639827728
508 0.10501089692115784
509 0.0053327083587646484
510 0.0033969765063375235
511 0.13461074233055115
512 0.07413873821496964
513 0.1011257916688919
514 0.004604188259691
515 0.040527720004320145
516 0.06244915351271629
517 0.062491338700056076
518 0.11112178862094879
519 0.005460337735712528
520 0.0041651129722595215
521 0.005336112342774868
522 0.006696172058582306
523 0.12582598626613617
524 0.004408441483974457
525 0.006199178285896778
526 0.06966379284858704
527 0.06379081308841705
528 0.007852948270738125
529 0.06687048077583313
530 0.06966539472341537
531 0.03225470706820488
532 0.02240312099456787
533 0.024933695793151855
534 0.019341621547937393
535 0.03387535363435745
536 0.068646639585495
537 0.11557566374540329
538 0.14818881452083588
539 0.004105543717741966
540 0.08953298628330231
541 0.063116654753685
542 0.0021868771873414516
543 0.03497381880879402
544 0.06700120121240616
545 0.06888017803430557
546 0.002659999066963792
547 0.002542473841458559
548 0.00541620934382081
549 0.05978161469101906
550 0.04786324128508568
551 0.11816816031932831
552 0.022097459062933922
553 0.12862679362297058
554 0.12244073301553726
555 0.19257497787475586
556 0.11710845679044724
557 0.0634693056344986
558 0.004594468977302313
559 0.055090855807065964
560 0.06393401324748993
561 0.017503179609775543
562 0.07356102019548416
563 0.09396074712276459
564 0.0041192444041371346
565 0.14769987761974335
566 0.09615275263786316
567 0.04698130115866661
568 0.05550451576709747
569 0.11203017085790634
570 0.15965914726257324
571 0.010355684906244278
572 0.0241132453083992
573 0.08216531574726105
574 0.1106165423989296
575 0.02929731085896492
576 0.0708441436290741
577 0.08684233576059341
578 0.005801098886877298
579 0.06890455633401871
580 0.07164643704891205
581 0.13842420279979706
582 0.006714706774801016
583 0.056429918855428696
584 0.006430226378142834
585 0.021097306162118912
586 0.07539263367652893
587 0.022941073402762413
588 0.0599730908870697
589 0.12126096338033676
590 0.023379400372505188
591 0.053134575486183167
592 0.027015339583158493
593 0.007940128445625305
594 0.006900624837726355
595 0.023130323737859726
596 0.022927794605493546
597 0.011737566441297531
598 0.16047650575637817
599 0.06891385465860367
600 0.009959421120584011
601 0.013493428006768227
602 0.03510831296443939
603 0.1369490623474121
604 0.011193040758371353
605 0.19175928831100464
606 0.012126198038458824
607 0.10154545307159424
608 0.005778888706117868
609 0.007933363318443298
610 0.06293610483407974
611 0.004129811655730009
612 0.13915614783763885
613 0.006783777382224798
614 0.004875512793660164
615 0.008408818393945694
616 0.11360761523246765
617 0.0068246303126215935
618 0.10811561346054077
619 0.005828785710036755
620 0.04617510735988617
621 0.10333813726902008
622 0.10376551747322083
623 0.0044600339606404305
624 0.0650867149233818
625 0.004086572676897049
626 0.00453313160687685
627 0.008977715857326984
628 0.009860366582870483
629 0.08986392617225647
630 0.009368527680635452
631 0.049589790403842926
632 0.007168436888605356
633 0.004878295119851828
634 0.10285203158855438
635 0.17494724690914154
636 0.09108290821313858
637 0.0363166444003582
638 0.08008340001106262
639 0.11884036660194397
640 0.0074846865609288216
641 0.06398585438728333
642 0.04299577698111534
643 0.061279863119125366
644 0.009516521356999874
645 0.04747582972049713
646 0.04706014692783356
647 0.014692424796521664
648 0.11961372196674347
649 0.11589609086513519
650 0.008084692060947418
651 0.0027526365593075752
652 0.054223790764808655
653 0.00757526233792305
654 0.14025631546974182
655 0.11469005793333054
656 0.005697615910321474
657 0.07647368311882019
658 0.005939148366451263
659 0.013448123820126057
660 0.06590623408555984
661 0.07350870966911316
662 0.007797143422067165
663 0.049136560410261154
664 0.021777264773845673
665 0.008602515794336796
666 0.007594898343086243
667 0.05839373916387558
668 0.029510507360100746
669 0.018884191289544106
670 0.04857605695724487
671 0.010220814496278763
672 0.06278036534786224
673 0.009983212687075138
674 0.011138970963656902
675 0.008872659876942635
676 0.006736762821674347
677 0.05824083089828491
678 0.057721517980098724
679 0.031810492277145386
680 0.002378103556111455
681 0.017723558470606804
682 0.012169968336820602
683 0.03955582156777382
684 0.011989159509539604
685 0.002759484341368079
686 0.004105218220502138
687 0.008163210935890675
688 0.05105697363615036
689 0.017170069739222527
690 0.10520095378160477
691 0.05032278969883919
692 0.015028852969408035
693 0.006044088397175074
694 0.04801274836063385
695 0.13446171581745148
696 0.009097014553844929
697 0.0037573864683508873
698 0.00584323238581419
699 0.17883503437042236
700 0.005508421920239925
701 0.024057144299149513
702 0.076663076877594
703 0.017787311226129532
704 0.011073500849306583
705 0.011834057979285717
706 0.07756911963224411
707 0.007620550692081451
708 0.1152707189321518
709 0.011460787616670132
710 0.0023187529295682907
711 0.06802424043416977
712 0.17801742255687714
713 0.013698110356926918
714 0.05991695448756218
715 0.05648929998278618
716 0.11547374725341797
717 0.061881598085165024
718 0.0625760555267334
719 0.109893299639225
720 0.13658088445663452
721 0.012071356177330017
722 0.013012821786105633
723 0.012594383209943771
724 0.0748932808637619
725 0.011017104610800743
726 0.011380508542060852
727 0.01521509513258934
728 0.012526378966867924
729 0.006167495157569647
730 0.15073861181735992
731 0.12628993391990662
732 0.004161540884524584
733 0.013703031465411186
734 0.12830084562301636
735 0.06507156044244766
736 0.06149836629629135
737 0.14358992874622345
738 0.12226361036300659
739 0.06464482098817825
740 0.13931100070476532
741 0.06067151203751564
742 0.1148599237203598
743 0.08923505991697311
744 0.05411820113658905
745 0.004694479517638683
746 0.013854825869202614
747 0.01290021650493145
748 0.06412264704704285
749 0.0685291737318039
750 0.00998777523636818
751 0.04403364658355713
752 0.051702093333005905
753 0.04697845131158829
754 0.04563431069254875
755 0.008571293205022812
756 0.0673263669013977
757 0.012984327040612698
758 0.03071143478155136
759 0.13349662721157074
760 0.12869513034820557
761 0.044645775109529495
762 0.008042031899094582
763 0.003169482806697488
764 0.13020014762878418
765 0.006734644062817097
766 0.05668671801686287
767 0.04412363842129707
768 0.053168702870607376
769 0.010390667244791985
770 0.08689532428979874
771 0.18032829463481903
772 0.15992489457130432
773 0.1731083244085312
774 0.13195879757404327
775 0.061792030930519104
776 0.010755406692624092
777 0.059713926166296005
778 0.17006808519363403
779 0.07099597901105881
780 0.012411187402904034
781 0.12798340618610382
782 0.012970058247447014
783 0.05660175159573555
784 0.01510667521506548
785 0.0924326702952385
786 0.11123257875442505
787 0.06948088109493256
788 0.12197217345237732
789 0.0529182069003582
790 0.11929859966039658
791 0.04213136062026024
792 0.026677081361413002
793 0.07706412672996521
794 0.09030533581972122
795 0.008496744558215141
796 0.12197454273700714
797 0.0869102030992508
798 0.1069084033370018
799 0.1231256052851677
800 0.10411260277032852
801 0.13616584241390228
802 0.10858297348022461
803 0.1980513036251068
804 0.023653633892536163
805 0.013126187026500702
806 0.05300857871770859
807 0.0447007417678833
808 0.0334707535803318
809 0.013412108644843102
810 0.12883397936820984
811 0.054759468883275986
812 0.08601607382297516
813 0.06949405372142792
814 0.023035826161503792
815 0.11000974476337433
816 0.05604182183742523
817 0.017656875774264336
818 0.08357328176498413
819 0.06961017847061157
820 0.014112832956016064
821 0.022655228152871132
822 0.1344100832939148
823 0.05147659778594971
824 0.06979131698608398
825 0.09340142458677292
826 0.003459026338532567
827 0.1197650358080864
828 0.012892675586044788
829 0.017091594636440277
830 0.05441858619451523
831 0.007443345617502928
832 0.13407625257968903
833 0.03166317194700241
834 0.031042423099279404
835 0.005999194923788309
836 0.00829814001917839
837 0.06597602367401123
838 0.0031438113655894995
839 0.1347985416650772
840 0.07644765824079514
841 0.08430362492799759
842 0.003721678163856268
843 0.048770319670438766
844 0.007366871926933527
845 0.06657490879297256
846 0.013660448603332043
847 0.05879630520939827
848 0.008041963912546635
849 0.006673055700957775
850 0.004661422688513994
851 0.017145738005638123
852 0.09560394287109375
853 0.1316198706626892
854 0.004672307521104813
855 0.00645207054913044
856 0.12772737443447113
857 0.06769264489412308
858 0.004467884078621864
859 0.011840179562568665
860 0.003946909215301275
861 0.013386250473558903
862 0.03629179671406746
863 0.004370346665382385
864 0.0641794204711914
865 0.005666541866958141
866 0.06550721079111099
867 0.05126974359154701
868 0.06690147519111633
869 0.13104431331157684
870 0.0705423504114151
871 0.010549459606409073
872 0.0650438740849495
873 0.005605395883321762
874 0.08063788712024689
875 0.011937392875552177
876 0.006496929097920656
877 0.024302074685692787
878 0.004957483150064945
879 0.07618539035320282
880 0.13949869573116302
881 0.07076168060302734
882 0.043136514723300934
883 0.005834789481014013
884 0.06292125582695007
885 0.016061699017882347
886 0.008270541206002235
887 0.1141478419303894
888 0.09194963425397873
889 0.019976330921053886
890 0.1303720772266388
891 0.05551161244511604
892 0.00849815085530281
893 0.009415925480425358
894 0.018088724464178085
895 0.013280424289405346
896 0.014065980911254883
897 0.035941727459430695
898 0.011251380667090416
899 0.11953936517238617
900 0.06354724615812302
901 0.011313614435493946
902 0.07097756117582321
903 0.014608142897486687
904 0.06615567952394485
905 0.07152842730283737
906 0.009578771889209747
907 0.009725429117679596
908 0.006876153405755758
909 0.00701513746753335
910 0.006126675754785538
911 0.05456838384270668
912 0.0614389032125473
913 0.00949219148606062
914 0.10214966535568237
915 0.00740202609449625
916 0.057776108384132385
917 0.007775678299367428
918 0.007436428219079971
919 0.04555947706103325
920 0.014317164197564125
921 0.004376276861876249
922 0.012779304757714272
923 0.031315878033638
924 0.07517808675765991
925 0.009762994945049286
926 0.006239768583327532
927 0.006691094022244215
928 0.011040516197681427
929 0.01746825873851776
930 0.011575715616345406
931 0.011087225750088692
932 0.007170039229094982
933 0.004633366595953703
934 0.006960772909224033
935 0.006640708539634943
936 0.06726467609405518
937 0.006929031573235989
938 0.12330999225378036
939 0.006670176051557064
940 0.010703274980187416
941 0.06372063606977463
942 0.00550737464800477
943 0.12497241050004959
944 0.06071985885500908
945 0.1446474939584732
946 0.07339461147785187
947 0.0064196414314210415
948 0.1509721726179123
949 0.005426592193543911
950 0.006687141489237547
951 0.005158808548003435
952 0.06049441546201706
953 0.005987727548927069
954 0.12079371511936188
955 0.005282292608171701
956 0.05343736335635185
957 0.056966427713632584
958 0.0035457690246403217
959 0.05554838478565216
960 0.005868962965905666
961 0.007765589281916618
962 0.05231184512376785
963 0.08197622001171112
964 0.05841315537691116
965 0.14832015335559845
966 0.008921661414206028
967 0.00844300165772438
968 0.006780742667615414
969 0.11632390320301056
970 0.006792597472667694
971 0.10647164285182953
972 0.07040438055992126
973 0.05317993462085724
974 0.008067706599831581
975 0.06371064484119415
976 0.1114540696144104
977 0.007262670435011387
978 0.006882465910166502
979 0.10036307573318481
980 0.07177317887544632
981 0.061882149428129196
982 0.05946846678853035
983 0.00254903850145638
984 0.050572849810123444
985 0.047662969678640366
986 0.04667585343122482
987 0.07877560704946518
988 0.010002397932112217
989 0.04884183779358864
990 0.009373587556183338
991 0.005342335440218449
992 0.008604530245065689
993 0.13465268909931183
994 0.006568476557731628
995 0.18424731492996216
996 0.08030714094638824
997 0.04355911538004875
998 0.013018953613936901
999 0.20383301377296448
1000 0.052307408303022385
1001 0.07298509776592255
1002 0.07745322585105896
1003 0.2574276030063629
1004 0.1286064237356186
1005 0.05639175698161125
1006 0.05381784960627556
1007 0.048255354166030884
1008 0.045452505350112915
1009 0.006019575987011194
1010 0.1277581751346588
1011 0.0109874801710248
1012 0.09716001898050308
1013 0.007122053764760494
1014 0.04606575518846512
1015 0.12830281257629395
1016 0.004137428477406502
1017 0.05558566749095917
1018 0.0022321727592498064
1019 0.07383916527032852
1020 0.04992061108350754
1021 0.04669395461678505
1022 0.036768678575754166
1023 0.050096359103918076
1024 0.043653737753629684
1025 0.008703350089490414
1026 0.012659103609621525
1027 0.05381752550601959
1028 0.03251493722200394
1029 0.006231129169464111
1030 0.18639050424098969
1031 0.04701545462012291
1032 0.17355667054653168
1033 0.03341635316610336
1034 0.11794280260801315
1035 0.004690833389759064
1036 0.020122870802879333
1037 0.04846501722931862
1038 0.015628185123205185
1039 0.014810527674853802
1040 0.007912568747997284
1041 0.11186723411083221
1042 0.01213186513632536
1043 0.049433667212724686
1044 0.004908827133476734
1045 0.12089575827121735
1046 0.010862153954803944
1047 0.1882946491241455
1048 0.17171630263328552
1049 0.07631788402795792
1050 0.12008019536733627
1051 0.06485313177108765
1052 0.012933731079101562
1053 0.1292635202407837
1054 0.03687432408332825
1055 0.06894752383232117
1056 0.13559985160827637
1057 0.014015691354870796
1058 0.036691516637802124
1059 0.005036436952650547
1060 0.00563967926427722
1061 0.0925498679280281
1062 0.16858865320682526
1063 0.059187423437833786
1064 0.00427244883030653
1065 0.052542634308338165
1066 0.0026538202073425055
1067 0.010306639596819878
1068 0.024207374081015587
1069 0.08923783153295517
1070 0.0061361705884337425
1071 0.012393719516694546
1072 0.004485765006393194
1073 0.021404484286904335
1074 0.1170707643032074
1075 0.045512787997722626
1076 0.003931908402591944
1077 0.014145958237349987
1078 0.002538038417696953
1079 0.01451157033443451
1080 0.06426333636045456
1081 0.07008659094572067
1082 0.06119833514094353
1083 0.06005872040987015
1084 0.11121684312820435
1085 0.24572575092315674
1086 0.006380587816238403
1087 0.006575572304427624
1088 0.1411287933588028
1089 0.12375973910093307
1090 0.11690602451562881
1091 0.10731078684329987
1092 0.009997200220823288
1093 0.00942398514598608
1094 0.014372601173818111
1095 0.016952522099018097
1096 0.19448794424533844
1097 0.07501889765262604
1098 0.08201824873685837
1099 0.022344136610627174
1100 0.04926078021526337
1101 0.06270036846399307
1102 0.06997804343700409
1103 0.02538911998271942
1104 0.023783700540661812
1105 0.061425626277923584
1106 0.06307633221149445
1107 0.01868288777768612
1108 0.11852174252271652
1109 0.012280586175620556
1110 0.012312459759414196
1111 0.047119539231061935
1112 0.052030060440301895
1113 0.011158565059304237
1114 0.1080174520611763
1115 0.014835610054433346
1116 0.013299834914505482
1117 0.01856682077050209
1118 0.01183419581502676
1119 0.011661192402243614
1120 0.11934994906187057
1121 0.012434462085366249
1122 0.05382659286260605
1123 0.011733564548194408
1124 0.010869585908949375
1125 0.008747284300625324
1126 0.044524963945150375
1127 0.018828408792614937
1128 0.011893875896930695
1129 0.014860766008496284
1130 0.04556146636605263
1131 0.05919806659221649
1132 0.04686124250292778
1133 0.11290164291858673
1134 0.03785698488354683
1135 0.008229757659137249
1136 0.07758214324712753
1137 0.08427369594573975
1138 0.1192317008972168
1139 0.056359097361564636
1140 0.1545182317495346
1141 0.09933464229106903
1142 0.06448764353990555
1143 0.07973283529281616
1144 0.059176910668611526
1145 0.05048142373561859
1146 0.11470771580934525
1147 0.1197105124592781
1148 0.13705667853355408
1149 0.16058586537837982
1150 0.10534991323947906
1151 0.03578801453113556
1152 0.1533711850643158
1153 0.11424650996923447
1154 0.023462362587451935
1155 0.01677391305565834
1156 0.05022711306810379
1157 0.06716761738061905
1158 0.06262359023094177
1159 0.1560794562101364
1160 0.026463286951184273
1161 0.02515401877462864
1162 0.16180704534053802
1163 0.0594315230846405
1164 0.07184810936450958
1165 0.07506483793258667
1166 0.00785063300281763
1167 0.11423246562480927
1168 0.05674630403518677
1169 0.11120212823152542
1170 0.06586325913667679
1171 0.014568222686648369
1172 0.11099434643983841
1173 0.01081481110304594
1174 0.05876697599887848
1175 0.06652387976646423
1176 0.11956728994846344
1177 0.11893927305936813
1178 0.008658179081976414
1179 0.10410182178020477
1180 0.11847689002752304
1181 0.060834016650915146
1182 0.010646197013556957
1183 0.01142852008342743
1184 0.012097977101802826
1185 0.017939716577529907
1186 0.057934317737817764
1187 0.04770893603563309
1188 0.01180554460734129
1189 0.04968837648630142
1190 0.016200289130210876
1191 0.015399454161524773
1192 0.05460219085216522
1193 0.1160275787115097
1194 0.06870283931493759
1195 0.009576808661222458
1196 0.06543944031000137
1197 0.10633887350559235
1198 0.006544181145727634
1199 0.11442550271749496
1200 0.010124458000063896
1201 0.018393713980913162
1202 0.03913038223981857
1203 0.07991008460521698
1204 0.10564084351062775
1205 0.008854302577674389
1206 0.11021198332309723
1207 0.05000809580087662
1208 0.06281550228595734
1209 0.0481204092502594
1210 0.020438028499484062
1211 0.007120450958609581
1212 0.14803637564182281
1213 0.007859510369598866
1214 0.010346442461013794
1215 0.0752389132976532
1216 0.03614020720124245
1217 0.055622175335884094
1218 0.03391318768262863
1219 0.05419763922691345
1220 0.05389515683054924
1221 0.09970996528863907
1222 0.06605562567710876
1223 0.1366157829761505
1224 0.017020950093865395
1225 0.013674862682819366
1226 0.012806141749024391
1227 0.0537700280547142
1228 0.14042282104492188
1229 0.007894447073340416
1230 0.039288755506277084
1231 0.012461503967642784
1232 0.1109103113412857
1233 0.04259458929300308
1234 0.04347658157348633
1235 0.11341758072376251
1236 0.07671194523572922
1237 0.03992334008216858
1238 0.003639102913439274
1239 0.01288274023681879
1240 0.1022113487124443
1241 0.07634489983320236
1242 0.011600468307733536
1243 0.0696418285369873
1244 0.011477204039692879
1245 0.14940501749515533
1246 0.009295046329498291
1247 0.073782779276371
1248 0.010261974297463894
1249 0.09895721077919006
1250 0.04842780902981758
1251 0.061469778418540955
1252 0.006814683321863413
1253 0.06462156027555466
1254 0.0641428530216217
1255 0.08156023919582367
1256 0.0648820772767067
1257 0.05928429961204529
1258 0.10552003979682922
1259 0.004297648556530476
1260 0.0529843308031559
1261 0.05812092497944832
1262 0.01294424943625927
1263 0.06808479130268097
1264 0.010860567912459373
1265 0.0645570382475853
1266 0.05097334831953049
1267 0.005675174295902252
1268 0.05545250326395035
1269 0.014511406421661377
1270 0.05457127466797829
1271 0.007846090011298656
1272 0.09853391349315643
1273 0.051496706902980804
1274 0.005395972635596991
1275 0.004178338684141636
1276 0.09907224774360657
1277 0.0053584882989525795
1278 0.049532148987054825
1279 0.07875662297010422
1280 0.09400413930416107
1281 0.04762756824493408
1282 0.023394402116537094
1283 0.013534370809793472
1284 0.06258707493543625
1285 0.04476620629429817
1286 0.08040454238653183
1287 0.026498612016439438
1288 0.010832877829670906
1289 0.11318939179182053
1290 0.1074502021074295
1291 0.0981178805232048
1292 0.11441227048635483
1293 0.050319306552410126
1294 0.004797622095793486
1295 0.05284683778882027
1296 0.11217781156301498
1297 0.054216571152210236
1298 0.11195065081119537
1299 0.006841101683676243
1300 0.1579451709985733
1301 0.0731428861618042
1302 0.18064290285110474
1303 0.11291160434484482
1304 0.06438348442316055
1305 0.11516249924898148
1306 0.0865856409072876
1307 0.06835544109344482
1308 0.0621039941906929
1309 0.07332473248243332
1310 0.027298899367451668
1311 0.14693111181259155
1312 0.11649654805660248
1313 0.12861546874046326
1314 0.009413091465830803
1315 0.0066965799778699875
1316 0.05460348352789879
1317 0.05393030494451523
1318 0.05147533863782883
1319 0.02372645027935505
1320 0.01252751238644123
1321 0.050595905631780624
1322 0.16991384327411652
1323 0.07082230597734451
1324 0.1751530021429062
1325 0.1500614434480667
1326 0.019651716575026512
1327 0.11688417941331863
1328 0.011017990298569202
1329 0.025928229093551636
1330 0.046058833599090576
1331 0.022059975191950798
1332 0.05788291245698929
1333 0.008031392470002174
1334 0.07186855375766754
1335 0.007816915400326252
1336 0.031375542283058167
1337 0.013563915155827999
1338 0.007555758580565453
1339 0.0404101237654686
1340 0.05139031633734703
1341 0.006909760646522045
1342 0.015256899408996105
1343 0.005226215347647667
1344 0.04518706724047661
1345 0.1838826686143875
1346 0.05217529460787773
1347 0.03470591828227043
1348 0.0037313017528504133
1349 0.0535973384976387
1350 0.04606877267360687
1351 0.06293001770973206
1352 0.08743181824684143
1353 0.08201249688863754
1354 0.007538564503192902
1355 0.050551481544971466
1356 0.037596844136714935
1357 0.0737646222114563
1358 0.010188798420131207
1359 0.03037361241877079
1360 0.020581509917974472
1361 0.012634668499231339
1362 0.004987988155335188
1363 0.018644947558641434
1364 0.017280761152505875
1365 0.009401196613907814
1366 0.018599657341837883
1367 0.08534582704305649
1368 0.01645619235932827
1369 0.07647546380758286
1370 0.016388822346925735
1371 0.04255154728889465
1372 0.04692290723323822
1373 0.10543230175971985
1374 0.06443686038255692
1375 0.059410158544778824
1376 0.014991757459938526
1377 0.07108494639396667
1378 0.0784742534160614
1379 0.12615275382995605
1380 0.03962349146604538
1381 0.06846611201763153
1382 0.10813838243484497
1383 0.0077252513729035854
1384 0.09715388715267181
1385 0.06794248521327972
1386 0.04766639322042465
1387 0.04882105812430382
1388 0.14838337898254395
1389 0.09161094576120377
1390 0.012253189459443092
1391 0.04692996293306351
1392 0.05461573600769043
1393 0.012211145833134651
1394 0.006451437249779701
1395 0.12941589951515198
1396 0.09782912582159042
1397 0.01167645025998354
1398 0.06066182255744934
1399 0.008955405093729496
1400 0.008476193062961102
1401 0.011588504537940025
1402 0.020287875086069107
1403 0.11575394123792648
1404 0.020017271861433983
1405 0.06280618906021118
1406 0.0502670593559742
1407 0.014889875426888466
1408 0.1417185515165329
1409 0.07204906642436981
1410 0.10657735168933868
1411 0.07821855694055557
1412 0.1361156404018402
1413 0.058172255754470825
1414 0.08529367297887802
1415 0.06842239201068878
1416 0.17618751525878906
1417 0.01483940053731203
1418 0.010739272460341454
1419 0.08878915011882782
1420 0.05625724419951439
1421 0.008459273725748062
1422 0.15447315573692322
1423 0.018450383096933365
1424 0.030214324593544006
1425 0.009918594732880592
1426 0.08648799359798431
1427 0.016280407086014748
1428 0.09830543398857117
1429 0.0841614156961441
1430 0.05983137711882591
1431 0.07519672065973282
1432 0.014374535530805588
1433 0.02153734862804413
1434 0.13993319869041443
1435 0.08755684643983841
1436 0.07024180889129639
1437 0.08162391185760498
1438 0.04237780347466469
1439 0.1285097301006317
1440 0.1953853815793991
1441 0.07432438433170319
1442 0.10227112472057343
1443 0.1762837916612625
1444 0.00914033968001604
1445 0.01431343238800764
1446 0.09155900776386261
1447 0.05758317559957504
1448 0.037512991577386856
1449 0.1209585890173912
1450 0.05882640182971954
1451 0.07721772789955139
1452 0.009780962951481342
1453 0.00610677246004343
1454 0.010631659999489784
1455 0.012074854224920273
1456 0.07208175212144852
1457 0.1482849270105362
1458 0.05654056370258331
1459 0.08932843804359436
1460 0.03717377781867981
1461 0.005513783544301987
1462 0.07163313031196594
1463 0.009719545021653175
1464 0.0478237010538578
1465 0.10016047954559326
1466 0.13309641182422638
1467 0.10989934206008911
1468 0.05980325862765312
1469 0.013507776893675327
1470 0.010791732929646969
1471 0.030874470248818398
1472 0.11124224215745926
1473 0.010607928037643433
1474 0.012299146503210068
1475 0.017547663301229477
1476 0.052913419902324677
1477 0.07115881890058517
1478 0.12742197513580322
1479 0.19986644387245178
1480 0.05679193511605263
1481 0.013937587849795818
1482 0.06732136011123657
1483 0.05881863832473755
1484 0.03678755462169647
1485 0.0726572796702385
1486 0.11913836002349854
1487 0.0030155947897583246
1488 0.05283278226852417
1489 0.097435861825943
1490 0.012300021946430206
1491 0.12045248597860336
1492 0.04156232252717018
1493 0.037504926323890686
1494 0.07431935518980026
1495 0.11269722133874893
1496 0.072991281747818
1497 0.004896145313978195
1498 0.059766680002212524
1499 0.012745970860123634
1500 0.041638657450675964
1501 0.06801169365644455
1502 0.015837181359529495
1503 0.01741800829768181
1504 0.02329401858150959
1505 0.09918935596942902
1506 0.006030646152794361
1507 0.046243853867053986
1508 0.050480879843235016
1509 0.030391663312911987
1510 0.013985134661197662
1511 0.15458033978939056
1512 0.020257143303751945
1513 0.011109411716461182
1514 0.05916124954819679
1515 0.125046044588089
1516 0.09883300215005875
1517 0.13723303377628326
1518 0.05466342717409134
1519 0.017720341682434082
1520 0.11348530650138855
1521 0.05095256119966507
1522 0.10754440724849701
1523 0.00929400697350502
1524 0.02784203737974167
1525 0.056294288486242294
1526 0.008911882527172565
1527 0.014447178691625595
1528 0.015304715372622013
1529 0.01112292055040598
1530 0.0327041856944561
1531 0.013330420479178429
1532 0.1397087126970291
1533 0.06559029221534729
1534 0.007517732679843903
1535 0.05675506964325905
1536 0.12692633271217346
1537 0.05524229258298874
1538 0.032840851694345474
1539 0.06702976673841476
1540 0.0055960253812372684
1541 0.014581914991140366
1542 0.07758886367082596
1543 0.05384199321269989
1544 0.11731620132923126
1545 0.11107537150382996
1546 0.04926985129714012
1547 0.03556805104017258
1548 0.08266104012727737
1549 0.01296740211546421
1550 0.05697311833500862
1551 0.03679310530424118
1552 0.07532504200935364
1553 0.08207936584949493
1554 0.0523986890912056
1555 0.03883470222353935
1556 0.012875829823315144
1557 0.0852874219417572
1558 0.052186232060194016
1559 0.02393111027777195
1560 0.06398408859968185
1561 0.10096384584903717
1562 0.08768150955438614
1563 0.15498590469360352
1564 0.09366306662559509
1565 0.11833909898996353
1566 0.10735175758600235
1567 0.026983141899108887
1568 0.014300437644124031
1569 0.06995584070682526
1570 0.14709140360355377
1571 0.09332197159528732
1572 0.1156817153096199
1573 0.03775973990559578
1574 0.012052195146679878
1575 0.09298957139253616
1576 0.010104998014867306
1577 0.03428378328680992
1578 0.13365082442760468
1579 0.006512660998851061
1580 0.037306781858205795
1581 0.1135895699262619
1582 0.015738338232040405
1583 0.009929069317877293
1584 0.009508170187473297
1585 0.10128041356801987
1586 0.06648209691047668
1587 0.06476308405399323
1588 0.016299039125442505
1589 0.0559665746986866
1590 0.005020627286285162
1591 0.05083128437399864
1592 0.013035252690315247
1593 0.0027827725280076265
1594 0.027528872713446617
1595 0.06791210919618607
1596 0.011537304148077965
1597 0.2646578848361969
1598 0.11448848247528076
1599 0.012458131648600101
1600 0.1081392914056778
1601 0.014899847097694874
1602 0.0738748162984848
1603 0.012203240767121315
1604 0.011108575388789177
1605 0.017476623877882957
1606 0.022735102102160454
1607 0.023063190281391144
1608 0.006346696522086859
1609 0.009358267299830914
1610 0.04313832148909569
1611 0.013719474896788597
1612 0.0609893761575222
1613 0.2357996702194214
1614 0.031450916081666946
1615 0.008943873457610607
1616 0.06893808394670486
1617 0.2822185456752777
1618 0.11834833025932312
1619 0.06503982096910477
1620 0.012073825113475323
1621 0.0498879998922348
1622 0.11107432842254639
1623 0.11455488950014114
1624 0.2008802890777588
1625 0.0893610343337059
1626 0.06125406548380852
1627 0.1146833598613739
1628 0.014817975461483002
1629 0.005514212418347597
1630 0.017135733738541603
1631 0.015366451814770699
1632 0.10156698524951935
1633 0.06672383099794388
1634 0.0632869228720665
1635 0.10912123322486877
1636 0.06165992096066475
1637 0.16056737303733826
1638 0.05966689810156822
1639 0.06798305362462997
1640 0.01186744961887598
1641 0.01518211979418993
1642 0.0076216040179133415
1643 0.006752001587301493
1644 0.004407928325235844
1645 0.09663902968168259
1646 0.0043374476954340935
1647 0.004017164930701256
1648 0.0070063043385744095
1649 0.041165295988321304
1650 0.008616635575890541
1651 0.08850085735321045
1652 0.006704037543386221
1653 0.06835947930812836
1654 0.03914055973291397
1655 0.049711279571056366
1656 0.0639139711856842
1657 0.0020798405166715384
1658 0.001722763990983367
1659 0.042635709047317505
1660 0.002245828974992037
1661 0.007915111258625984
1662 0.007150101475417614
1663 0.006560896057635546
1664 0.0701790601015091
1665 0.01225894596427679
1666 0.004143778700381517
1667 0.06026638299226761
1668 0.05608709529042244
1669 0.005549213383346796
1670 0.03919268026947975
1671 0.00238889642059803
1672 0.06818458437919617
1673 0.0067520178854465485
1674 0.006040463224053383
1675 0.009752952493727207
1676 0.00824794638901949
1677 0.07474225014448166
1678 0.06164994463324547
1679 0.057944752275943756
1680 0.004292870871722698
1681 0.004024599678814411
1682 0.054892562329769135
1683 0.05112529918551445
1684 0.12187225371599197
1685 0.06206965819001198
1686 0.10595626384019852
1687 0.006102546583861113
1688 0.08497689664363861
1689 0.06562500447034836
1690 0.008298970758914948
1691 0.05610435828566551
1692 0.08080802857875824
1693 0.1156887635588646
1694 0.05135584622621536
1695 0.12735190987586975
1696 0.015423919074237347
1697 0.014243606477975845
1698 0.004547403659671545
1699 0.015323372557759285
1700 0.13705050945281982
1701 0.018313830718398094
1702 0.019086524844169617
1703 0.08043349534273148
1704 0.06556215137243271
1705 0.011200763285160065
1706 0.020404864102602005
1707 0.10841841995716095
1708 0.08072755485773087
1709 0.08565540611743927
1710 0.010422084480524063
1711 0.011112336069345474
1712 0.009737808257341385
1713 0.06305478513240814
1714 0.008267031982541084
1715 0.06178584322333336
1716 0.009432289749383926
1717 0.12183927744626999
1718 0.028351832181215286
1719 0.01545330137014389
1720 0.014249649830162525
1721 0.008286111988127232
1722 0.0053227972239255905
1723 0.05247626453638077
1724 0.1072205975651741
1725 0.059454768896102905
1726 0.00420416472479701
1727 0.006043881643563509
1728 0.009550509043037891
1729 0.19537875056266785
1730 0.008275427855551243
1731 0.010948355309665203
1732 0.08396609872579575
1733 0.0032764801289886236
1734 0.004264872055500746
1735 0.006990060210227966
1736 0.0483485646545887
1737 0.043038006871938705
1738 0.0704815685749054
1739 0.0669620931148529
1740 0.086915023624897
1741 0.0039507439360022545
1742 0.02034895308315754
1743 0.02042284980416298
1744 0.05292559415102005
1745 0.004315841943025589
1746 0.0633796900510788
1747 0.1015513613820076
1748 0.006990391295403242
1749 0.11401695758104324
1750 0.10865426808595657
1751 0.05333485081791878
1752 0.11251633614301682
1753 0.13373416662216187
1754 0.01814824342727661
1755 0.014341352507472038
1756 0.017381491139531136
1757 0.05936822667717934
1758 0.05125910043716431
1759 0.05341196805238724
1760 0.0062475367449223995
1761 0.016943572089076042
1762 0.025406822562217712
1763 0.019110679626464844
1764 0.013282223604619503
1765 0.10795188695192337
1766 0.05179952085018158
1767 0.007028615102171898
1768 0.0604211799800396
1769 0.005829600617289543
1770 0.07217757403850555
1771 0.007303640712052584
1772 0.005415525287389755
1773 0.011737571097910404
1774 0.005685551092028618
1775 0.060503389686346054
1776 0.053396545350551605
1777 0.048522233963012695
1778 0.10343632847070694
1779 0.0052535999566316605
1780 0.04367414116859436
1781 0.04472341015934944
1782 0.009092218242585659
1783 0.06694938987493515
1784 0.004742657765746117
1785 0.1445997804403305
1786 0.01533203013241291
1787 0.0853135883808136
1788 0.041448842734098434
1789 0.15965184569358826
1790 0.12122026830911636
1791 0.0057916236110031605
1792 0.10756401717662811
1793 0.05442339554429054
1794 0.010204904712736607
1795 0.052963435649871826
1796 0.02162196859717369
1797 0.03240654617547989
1798 0.08129694312810898
1799 0.06761276721954346
1800 0.14395877718925476
1801 0.12108046561479568
1802 0.0893254280090332
1803 0.02703113667666912
1804 0.08715982735157013
1805 0.16951802372932434
1806 0.21329420804977417
1807 0.050055693835020065
1808 0.025437530130147934
1809 0.17400342226028442
1810 0.14489147067070007
1811 0.0521855354309082
1812 0.13674572110176086
1813 0.11249706149101257
1814 0.04995255172252655
1815 0.05961766839027405
1816 0.11987119168043137
1817 0.061568282544612885
1818 0.11504219472408295
1819 0.10473247617483139
1820 0.019182708114385605
1821 0.07962831109762192
1822 0.05707173049449921
1823 0.02227131836116314
1824 0.009878203272819519
1825 0.008427927270531654
1826 0.11120191216468811
1827 0.05779686197638512
1828 0.0052598812617361546
1829 0.010676939971745014
1830 0.01194438710808754
1831 0.05430860072374344
1832 0.1009225845336914
1833 0.08940865844488144
1834 0.09623183310031891
1835 0.011982143856585026
1836 0.1473609060049057
1837 0.13258393108844757
1838 0.08974356204271317
1839 0.1098768413066864
1840 0.04912780225276947
1841 0.051708806306123734
1842 0.007464472204446793
1843 0.006054248660802841
1844 0.04891443997621536
1845 0.00342233176343143
1846 0.009013128466904163
1847 0.006266600452363491
1848 0.058431968092918396
1849 0.008915947750210762
1850 0.007465397007763386
1851 0.09318988025188446
1852 0.005862010642886162
1853 0.007959434762597084
1854 0.04182273522019386
1855 0.001660758862271905
1856 0.009853417053818703
1857 0.0567944198846817
1858 0.010236445814371109
1859 0.008592535741627216
1860 0.010722789913415909
1861 0.005789761897176504
1862 0.089177705347538
1863 0.13942651450634003
1864 0.0035777795128524303
1865 0.12386497855186462
1866 0.044695209711790085
1867 0.06508073955774307
1868 0.10270034521818161
1869 0.008353452198207378
1870 0.09838826954364777
1871 0.0072867474518716335
1872 0.01006333902478218
1873 0.12158152461051941
1874 0.006107005290687084
1875 0.007814490236341953
1876 0.009181429632008076
1877 0.006898047402501106
1878 0.0057265860959887505
1879 0.007591640576720238
1880 0.008253983221948147
1881 0.054144322872161865
1882 0.007273833733052015
1883 0.19197602570056915
1884 0.05184408649802208
1885 0.1752767711877823
1886 0.045174069702625275
1887 0.006453941110521555
1888 0.05777868628501892
1889 0.012008117511868477
1890 0.08476386964321136
1891 0.04395798221230507
1892 0.058281902223825455
1893 0.08581895381212234
1894 0.024444952607154846
1895 0.05280424654483795
1896 0.050502754747867584
1897 0.08676625043153763
1898 0.04673542082309723
1899 0.05791980400681496
1900 0.1076737493276596
1901 0.08782882988452911
1902 0.10584317147731781
1903 0.019559793174266815
1904 0.09155584871768951
1905 0.055996447801589966
1906 0.007272815331816673
1907 0.010812044143676758
1908 0.00811363011598587
1909 0.03438503295183182
1910 0.009770621545612812
1911 0.007172713987529278
1912 0.00497047696262598
1913 0.04198477417230606
1914 0.04411352798342705
1915 0.046446070075035095
1916 0.11368931829929352
1917 0.04797007516026497
1918 0.05192956700921059
1919 0.04855010658502579
1920 0.15037232637405396
1921 0.09027982503175735
1922 0.05484384670853615
1923 0.04640216380357742
1924 0.09083058685064316
1925 0.08789730072021484
1926 0.04870409145951271
1927 0.017852650955319405
1928 0.12653641402721405
1929 0.01470329612493515
1930 0.08969297260046005
1931 0.05536183714866638
1932 0.11962613463401794
1933 0.0828121155500412
1934 0.14318670332431793
1935 0.07886859774589539
1936 0.00971454381942749
1937 0.09378323704004288
1938 0.06349453330039978
1939 0.01870657503604889
1940 0.06802874058485031
1941 0.14260372519493103
1942 0.08709716796875
1943 0.06742258369922638
1944 0.004158223979175091
1945 0.0325005017220974
1946 0.09339537471532822
1947 0.04538702964782715
1948 0.08103302866220474
1949 0.025903677567839622
1950 0.0506507009267807
1951 0.02178323082625866
1952 0.011322848498821259
1953 0.05601945519447327
1954 0.044970832765102386
1955 0.04827339947223663
1956 0.04969971999526024
1957 0.04396551102399826
1958 0.04953397437930107
1959 0.04125073924660683
1960 0.05958837643265724
1961 0.042089249938726425
1962 0.035590216517448425
1963 0.007598840165883303
1964 0.04492965340614319
1965 0.07445108890533447
1966 0.052904773503541946
1967 0.04441150650382042
1968 0.12571609020233154
1969 0.045025356113910675
1970 0.04974599555134773
1971 0.07469066977500916
1972 0.0813409760594368
1973 0.03673110902309418
1974 0.15255394577980042
1975 0.015233345329761505
1976 0.039114322513341904
1977 0.0695595070719719
1978 0.04160035774111748
1979 0.011482244357466698
1980 0.03728272393345833
1981 0.041497863829135895
1982 0.021081281825900078
1983 0.01141961757093668
1984 0.12900856137275696
1985 0.00678418530151248
1986 0.006052006967365742
1987 0.06854857504367828
1988 0.018321366980671883
1989 0.14168418943881989
1990 0.04974677413702011
1991 0.07770569622516632
1992 0.04482664912939072
1993 0.04918438196182251
1994 0.07455874979496002
1995 0.04163046553730965
1996 0.00827404111623764
1997 0.07391361892223358
1998 0.11757156252861023
1999 0.05040939897298813
2000 0.044263869524002075
2001 0.042795661836862564
2002 0.04862009733915329
2003 0.06680025905370712
2004 0.18851342797279358
2005 0.013111898675560951
2006 0.023910272866487503
2007 0.0940154641866684
2008 0.09020134806632996
2009 0.2862400412559509
2010 0.06226544827222824
2011 0.06693330407142639
2012 0.06410334259271622
2013 0.04823340103030205
2014 0.06588456779718399
2015 0.07907601445913315
2016 0.05243632197380066
2017 0.059918101876974106
2018 0.019598104059696198
2019 0.1208147406578064
2020 0.11799631267786026
2021 0.05405328422784805
2022 0.12313199043273926
2023 0.07358760386705399
2024 0.01809273473918438
2025 0.05033133924007416
2026 0.08460957556962967
2027 0.06466805934906006
2028 0.00792123842984438
2029 0.011489681899547577
2030 0.05825720727443695
2031 0.06436696648597717
2032 0.06168472394347191
2033 0.013858981430530548
2034 0.057133421301841736
2035 0.012780238874256611
2036 0.009941481985151768
2037 0.09677205979824066
2038 0.04873846098780632
2039 0.05492020398378372
2040 0.04454099386930466
2041 0.09693931043148041
2042 0.04484832286834717
2043 0.09626006335020065
2044 0.049367256462574005
2045 0.05081203207373619
2046 0.08246809989213943
2047 0.04893362894654274
2048 0.004452417138963938
2049 0.056214869022369385
2050 0.005135656334459782
2051 0.07358939200639725
2052 0.00823791604489088
2053 0.04281413182616234
2054 0.05128747597336769
2055 0.008780484087765217
2056 0.05656086653470993
2057 0.011022508144378662
2058 0.05667213723063469
2059 0.005571774672716856
2060 0.009947438724339008
2061 0.05261917784810066
2062 0.04491734877228737
2063 0.005947140045464039
2064 0.008844006806612015
2065 0.006738334894180298
2066 0.004882653243839741
2067 0.04250096529722214
2068 0.006845343858003616
2069 0.007059881463646889
2070 0.07748082280158997
2071 0.0776664987206459
2072 0.010478288866579533
2073 0.004722373094409704
2074 0.005271281115710735
2075 0.005928260274231434
2076 0.04572306200861931
2077 0.07436241209506989
2078 0.026852771639823914
2079 0.008085913024842739
2080 0.007927383296191692
2081 0.012670326046645641
2082 0.04537352919578552
2083 0.04248616099357605
2084 0.05299481004476547
2085 0.05131102725863457
2086 0.05327184870839119
2087 0.013552634976804256
2088 0.09703543037176132
2089 0.0527547188103199
2090 0.010618613101541996
2091 0.05493278428912163
2092 0.04300915449857712
2093 0.0456625297665596
2094 0.1038937047123909
2095 0.042806848883628845
2096 0.008371434174478054
2097 0.004936874844133854
2098 0.017665160819888115
2099 0.007907141000032425
2100 0.043072398751974106
2101 0.011161604896187782
2102 0.015228437259793282
2103 0.03304038569331169
2104 0.07615119218826294
2105 0.03585266321897507
2106 0.006370261311531067
2107 0.11969297379255295
2108 0.016102302819490433
2109 0.014967596158385277
2110 0.010576791130006313
2111 0.03939691558480263
2112 0.11646763980388641
2113 0.07760774344205856
2114 0.009800164960324764
2115 0.04812062904238701
2116 0.007574665360152721
2117 0.1375144124031067
2118 0.013827945105731487
2119 0.01957717165350914
2120 0.059158213436603546
2121 0.048906635493040085
2122 0.006741877645254135
2123 0.09011909365653992
2124 0.1799694001674652
2125 0.045847345143556595
2126 0.01350888516753912
2127 0.02067858912050724
2128 0.07304874062538147
2129 0.04786604270339012
2130 0.01138102076947689
2131 0.0481225810945034
2132 0.08641542494297028
2133 0.08147288113832474
2134 0.050262901932001114
2135 0.05799517780542374
2136 0.09146920591592789
2137 0.044749826192855835
2138 0.05230358988046646
2139 0.05102527141571045
2140 0.01880437321960926
2141 0.08691804111003876
2142 0.007582047488540411
2143 0.04602741450071335
2144 0.014268855564296246
2145 0.10809134691953659
2146 0.016864731907844543
2147 0.011953064240515232
2148 0.00864698551595211
2149 0.014895608648657799
2150 0.08168872445821762
2151 0.04812788590788841
2152 0.08145149052143097
2153 0.08132532984018326
2154 0.009300372563302517
2155 0.03877034783363342
2156 0.010990728624165058
2157 0.008740222081542015
2158 0.08444592356681824
2159 0.0116396090015769
2160 0.013114850036799908
2161 0.020045515149831772
2162 0.015777070075273514
2163 0.07857351750135422
2164 0.006583777256309986
2165 0.01565604843199253
2166 0.00950070284307003
2167 0.06102852523326874
2168 0.04884251952171326
2169 0.09153006225824356
2170 0.003894596826285124
2171 0.014441478997468948
2172 0.059182699769735336
2173 0.0445370189845562
2174 0.012761324644088745
2175 0.08296632766723633
2176 0.007741048466414213
2177 0.008644511923193932
2178 0.007124112453311682
2179 0.04321623221039772
2180 0.0454544760286808
2181 0.007516869343817234
2182 0.015665920451283455
2183 0.14255653321743011
2184 0.09091473370790482
2185 0.06505473703145981
2186 0.042338985949754715
2187 0.047962434589862823
2188 0.010219248943030834
2189 0.07932160794734955
2190 0.0095811253413558
2191 0.1113947331905365
2192 0.12159605324268341
2193 0.006683213636279106
2194 0.00988304615020752
2195 0.04438875988125801
2196 0.040046174079179764
2197 0.04674220085144043
2198 0.03857968747615814
2199 0.049560029059648514
2200 0.11498183757066727
2201 0.025542903691530228
2202 0.050990451127290726
2203 0.03028086945414543
2204 0.15214581787586212
2205 0.045681182295084
2206 0.02587171457707882
2207 0.10852673649787903
2208 0.07416032999753952
2209 0.06803235411643982
2210 0.025455044582486153
2211 0.02481587417423725
2212 0.027397751808166504
2213 0.04041331633925438
2214 0.05544113367795944
2215 0.021774575114250183
2216 0.015471586026251316
2217 0.04841650277376175
2218 0.0481080524623394
2219 0.0064789531752467155
2220 0.00875325221568346
2221 0.01229144912213087
2222 0.07927151024341583
2223 0.046082645654678345
2224 0.04926687851548195
2225 0.009137661196291447
2226 0.04803086072206497
2227 0.04242328554391861
2228 0.05592917278409004
2229 0.0651121437549591
2230 0.02102518081665039
2231 0.15761713683605194
2232 0.020030103623867035
2233 0.040579620748758316
2234 0.05783877149224281
2235 0.08455681055784225
2236 0.08405374735593796
2237 0.07436726987361908
2238 0.028767678886651993
2239 0.016588566824793816
2240 0.04015690088272095
2241 0.009900211356580257
2242 0.027130989357829094
2243 0.044167645275592804
2244 0.009639930911362171
2245 0.05307343974709511
2246 0.013030903413891792
2247 0.07479706406593323
2248 0.06843212991952896
2249 0.014452076517045498
2250 0.06888452917337418
2251 0.055131204426288605
2252 0.044057466089725494
2253 0.08030810952186584
2254 0.08859562873840332
2255 0.085651695728302
2256 0.0513426773250103
2257 0.10175718367099762
2258 0.04838976636528969
2259 0.05748910456895828
2260 0.038025591522455215
2261 0.03862098231911659
2262 0.05156341940164566
2263 0.016284629702568054
2264 0.043988391757011414
2265 0.02135821245610714
2266 0.031192773953080177
2267 0.053545206785202026
2268 0.05076082795858383
2269 0.008541181683540344
2270 0.009496573358774185
2271 0.014890862628817558
2272 0.03602037578821182
2273 0.06098143011331558
2274 0.06167438626289368
2275 0.07668253779411316
2276 0.048841141164302826
2277 0.009199688211083412
2278 0.058542400598526
2279 0.014758757315576077
2280 0.03772185742855072
2281 0.0938207283616066
2282 0.04031028226017952
2283 0.013333847746253014
2284 0.03882579505443573
2285 0.06967467069625854
2286 0.03782772272825241
2287 0.018038760870695114
2288 0.06999276578426361
2289 0.011774546466767788
2290 0.08266645669937134
2291 0.008199063129723072
2292 0.0952744409441948
2293 0.03415593504905701
2294 0.06971479952335358
2295 0.05409543588757515
2296 0.04776957631111145
2297 0.006054100580513477
2298 0.11262337118387222
2299 0.05484454333782196
2300 0.04821658879518509
2301 0.029516998678445816
2302 0.02553565613925457
2303 0.01390706468373537
2304 0.0803578570485115
2305 0.04750145599246025
2306 0.06552338600158691
2307 0.008889459073543549
2308 0.10252945870161057
2309 0.0362083800137043
2310 0.04654036462306976
2311 0.0162835493683815
2312 0.057641588151454926
2313 0.03518351539969444
2314 0.023258371278643608
2315 0.029231175780296326
2316 0.0032659517601132393
2317 0.053127069026231766
2318 0.007796961814165115
2319 0.06102754548192024
2320 0.017972255125641823
2321 0.0709945410490036
2322 0.03244777396321297
2323 0.07954191416501999
2324 0.01666804403066635
2325 0.06792944669723511
2326 0.013753189705312252
2327 0.022702746093273163
2328 0.026589343324303627
2329 0.014727800153195858
2330 0.020626306533813477
2331 0.04056808352470398
2332 0.0766335055232048
2333 0.01614176295697689
2334 0.008041948080062866
2335 0.04400669038295746
2336 0.014438986778259277
2337 0.05036405846476555
2338 0.06027493625879288
2339 0.011358825489878654
2340 0.048736490309238434
2341 0.018054325133562088
2342 0.08579150587320328