5
9
20
18
33
15
16
22
28
6
41
20
8
6
37
4
22
24
7
44
21
10
11
22
6
14
28
9
23
13
8
5
9
20
18
33
15
16
22
28
6
41
20
8
6
37
4
22
24
7
44
21
10
11
22
6
14
28
9
23
13
8
11
29
3
13
37
33
32
25
10
22
23
9
10
20
9
15
10
30
28
59
9
24
16
38
64
14
51
8
16
7
5
9
20
18
33
15
16
22
28
6
41
20
8
6
37
4
22
24
7
44
21
10
11
22
6
14
28
9
23
13
8
11
29
3
13
37
33
32
25
10
22
23
9
10
20
9
15
10
30
28
59
9
24
16
38
64
14
51
8
16
7
11
5
7
43
14
36
10
7
13
4
7
51
42
66
10
8
28
24
39
60
5
8
15
18
6
5
12
13
7
67
10
5
9
20
18
33
15
16
22
28
6
41
20
8
6
37
4
22
24
7
44
21
10
11
22
6
14
28
9
23
13
8
11
29
3
13
37
33
32
25
10
22
23
9
10
20
9
15
10
30
28
59
9
24
16
38
64
14
51
8
16
7
11
5
7
43
14
36
10
7
13
4
7
51
42
66
10
8
28
24
39
60
5
8
15
18
6
5
12
13
7
67
10
3
10
64
23
70
14
65
21
22
8
19
50
21
31
91
30
5
42
31
29
7
11
5
9
20
18
33
15
16
22
28
6
41
20
8
6
37
4
22
24
7
44
21
10
11
22
6
14
28
9
23
13
8
11
29
3
13
37
33
32
25
10
22
23
9
10
20
9
15
10
30
28
59
9
24
16
38
64
14
51
8
16
7
11
5
7
43
14
36
10
7
13
4
7
51
42
66
10
8
28
24
39
60
5
8
15
18
6
5
12
13
7
67
10
3
10
64
23
70
14
65
21
22
8
19
50
21
31
91
30
5
42
31
29
7
11
63
26
47
111
35
49
13
33
13
32
13
3
4
101
20
11
66
28
6
35
52
27
16
103
14
120
5
9
20
18
33
15
16
22
28
6
41
20
8
6
37
4
22
24
7
44
21
10
11
22
6
14
28
9
23
13
8
11
29
3
13
37
33
32
25
10
22
23
9
10
20
9
15
10
30
28
59
9
24
16
38
64
14
51
8
16
7
11
5
7
43
14
36
10
7
13
4
7
51
42
66
10
8
28
24
39
60
5
8
15
18
6
5
12
13
7
67
10
3
10
64
23
70
14
65
21
22
8
19
50
21
31
91
30
5
42
31
29
7
11
63
26
47
111
35
49
13
33
13
32
13
3
4
101
20
11
66
28
6
35
52
27
16
103
14
120
4
3
8
54
19
22
53
7
8
14
19
59
57
11
15
31
6
17
64
19
7
76
34
8
13
7
30
15
3
8
5
9
20
18
33
15
16
22
28
6
41
20
8
6
37
4
22
24
7
44
21
10
11
22
6
14
28
9
23
13
8
11
29
3
13
37
33
32
25
10
22
23
9
10
20
9
15
10
30
28
59
9
24
16
38
64
14
51
8
16
7
11
5
7
43
14
36
10
7
13
4
7
51
42
66
10
8
28
24
39
60
5
8
15
18
6
5
12
13
7
67
10
3
10
64
23
70
14
65
21
22
8
19
50
21
31
91
30
5
42
31
29
7
11
63
26
47
111
35
49
13
33
13
32
13
3
4
101
20
11
66
28
6
35
52
27
16
103
14
120
4
3
8
54
19
22
53
7
8
14
19
59
57
11
15
31
6
17
64
19
7
76
34
8
13
7
30
15
3
8
25
20
12
27
32
14
19
9
14
18
17
6
17
47
19
31
12
21
15
125
20
20
18
44
13
52
26
58
25
43
5
66
14
27
25
70
30
5
18
31
11
30
7
12
16
25
60
23
10
25
19
16
18
18
24
7
35
5
15
6
6
7
6
36
14
6
3
14
27
25
70
30
5
18
31
11
30
7
12
16
25
60
23
10
25
19
16
18
18
24
7
35
5
15
6
6
7
6
36
14
6
3
16
3
25
11
41
5
43
23
29
9
21
5
67
5
38
23
28
35
13
7
8
11
26
34
20
28
14
27
25
70
30
5
18
31
11
30
7
12
16
25
60
23
10
25
19
16
18
18
24
7
35
5
15
6
6
7
6
36
14
6
3
16
3
25
11
41
5
43
23
29
9
21
5
67
5
38
23
28
35
13
7
8
11
26
34
20
28
43
26
34
14
23
12
38
50
12
8
11
39
13
12
42
24
30
27
9
21
41
88
43
7
8
15
66
6
47
40
26
4
13
67
18
8
5
14
27
25
70
30
5
18
31
11
30
7
12
16
25
60
23
10
25
19
16
18
18
24
7
35
5
15
6
6
7
6
36
14
6
3
16
3
25
11
41
5
43
23
29
9
21
5
67
5
38
23
28
35
13
7
8
11
26
34
20
28
43
26
34
14
23
12
38
50
12
8
11
39
13
12
42
24
30
27
9
21
41
88
43
7
8
15
66
6
47
40
26
4
13
67
18
8
5
51
12
39
14
51
76
20
18
39
7
15
37
6
5
4
20
5
25
11
6
17
36
69
40
19
27
22
7
3
14
27
25
70
30
5
18
31
11
30
7
12
16
25
60
23
10
25
19
16
18
18
24
7
35
5
15
6
6
7
6
36
14
6
3
16
3
25
11
41
5
43
23
29
9
21
5
67
5
38
23
28
35
13
7
8
11
26
34
20
28
43
26
34
14
23
12
38
50
12
8
11
39
13
12
42
24
30
27
9
21
41
88
43
7
8
15
66
6
47
40
26
4
13
67
18
8
5
51
12
39
14
51
76
20
18
39
7
15
37
6
5
4
20
5
25
11
6
17
36
69
40
19
27
22
7
3
17
9
27
17
5
17
22
9
8
8
7
22
30
5
26
55
30
33
9
22
13
6
14
27
25
70
30
5
18
31
11
30
7
12
16
25
60
23
10
25
19
16
18
18
24
7
35
5
15
6
6
7
6
36
14
6
3
16
3
25
11
41
5
43
23
29
9
21
5
67
5
38
23
28
35
13
7
8
11
26
34
20
28
43
26
34
14
23
12
38
50
12
8
11
39
13
12
42
24
30
27
9
21
41
88
43
7
8
15
66
6
47
40
26
4
13
67
18
8
5
51
12
39
14
51
76
20
18
39
7
15
37
6
5
4
20
5
25
11
6
17
36
69
40
19
27
22
7
3
17
9
27
17
5
17
22
9
8
8
7
22
30
5
26
55
30
33
9
22
13
6
4
17
15
27
16
3
5
19
7
12
7
60
43
39
17
79
21
21
96
25
9
47
7
7
19
14
27
25
70
30
5
18
31
11
30
7
12
16
25
60
23
10
25
19
16
18
18
24
7
35
5
15
6
6
7
6
36
14
6
3
16
3
25
11
41
5
43
23
29
9
21
5
67
5
38
23
28
35
13
7
8
11
26
34
20
28
43
26
34
14
23
12
38
50
12
8
11
39
13
12
42
24
30
27
9
21
41
88
43
7
8
15
66
6
47
40
26
4
13
67
18
8
5
51
12
39
14
51
76
20
18
39
7
15
37
6
5
4
20
5
25
11
6
17
36
69
40
19
27
22
7
3
17
9
27
17
5
17
22
9
8
8
7
22
30
5
26
55
30
33
9
22
13
6
4
17
15
27
16
3
5
19
7
12
7
60
43
39
17
79
21
21
96
25
9
47
7
7
19
75
53
18
57
24
17
3
6
48
15
4
35
19
65
6
15
18
30
39
8
14
27
25
70
30
5
18
31
11
30
7
12
16
25
60
23
10
25
19
16
18
18
24
7
35
5
15
6
6
7
6
36
14
6
3
16
3
25
11
41
5
43
23
29
9
21
5
67
5
38
23
28
35
13
7
8
11
26
34
20
28
43
26
34
14
23
12
38
50
12
8
11
39
13
12
42
24
30
27
9
21
41
88
43
7
8
15
66
6
47
40
26
4
13
67
18
8
5
51
12
39
14
51
76
20
18
39
7
15
37
6
5
4
20
5
25
11
6
17
36
69
40
19
27
22
7
3
17
9
27
17
5
17
22
9
8
8
7
22
30
5
26
55
30
33
9
22
13
6
4
17
15
27
16
3
5
19
7
12
7
60
43
39
17
79
21
21
96
25
9
47
7
7
19
75
53
18
57
24
17
3
6
48
15
4
35
19
65
6
15
18
30
39
8
10
7
28
19
7
4
22
9
42
81
60
26
15
14
35
34
11
16
56
18
34
22
3
100
5
8
48
15
68
29
77
46
5
14
27
25
70
30
5
18
31
11
30
7
12
16
25
60
23
10
25
19
16
18
18
24
7
35
5
15
6
6
7
6
36
14
6
3
16
3
25
11
41
5
43
23
29
9
21
5
67
5
38
23
28
35
13
7
8
11
26
34
20
28
43
26
34
14
23
12
38
50
12
8
11
39
13
12
42
24
30
27
9
21
41
88
43
7
8
15
66
6
47
40
26
4
13
67
18
8
5
51
12
39
14
51
76
20
18
39
7
15
37
6
5
4
20
5
25
11
6
17
36
69
40
19
27
22
7
3
17
9
27
17
5
17
22
9
8
8
7
22
30
5
26
55
30
33
9
22
13
6
4
17
15
27
16
3
5
19
7
12
7
60
43
39
17
79
21
21
96
25
9
47
7
7
19
75
53
18
57
24
17
3
6
48
15
4
35
19
65
6
15
18
30
39
8
10
7
28
19
7
4
22
9
42
81
60
26
15
14
35
34
11
16
56
18
34
22
3
100
5
8
48
15
68
29
77
46
5
50
22
34
70
30
46
17
41
56
16
32
25
4
40
31
25
89
28
20
89
16
59
31
15
14
27
25
70
30
5
18
31
11
30
7
12
16
25
60
23
10
25
19
16
18
18
24
7
35
5
15
6
6
7
6
36
14
6
3
16
3
25
11
41
5
43
23
29
9
21
5
67
5
38
23
28
35
13
7
8
11
26
34
20
28
43
26
34
14
23
12
38
50
12
8
11
39
13
12
42
24
30
27
9
21
41
88
43
7
8
15
66
6
47
40
26
4
13
67
18
8
5
51
12
39
14
51
76
20
18
39
7
15
37
6
5
4
20
5
25
11
6
17
36
69
40
19
27
22
7
3
17
9
27
17
5
17
22
9
8
8
7
22
30
5
26
55
30
33
9
22
13
6
4
17
15
27
16
3
5
19
7
12
7
60
43
39
17
79
21
21
96
25
9
47
7
7
19
75
53
18
57
24
17
3
6
48
15
4
35
19
65
6
15
18
30
39
8
10
7
28
19
7
4
22
9
42
81
60
26
15
14
35
34
11
16
56
18
34
22
3
100
5
8
48
15
68
29
77
46
5
50
22
34
70
30
46
17
41
56
16
32
25
4
40
31
25
89
28
20
89
16
59
31
15
42
4
11
61
40
52
24
17
9
39
50
4
45
76
14
30
28
47
46
81
47
20
32
6
16
43
60
94
