1 72.0
2 80.0
3 71.0
4 68.0
5 72.0
6 77.0
7 91.0
8 9.0
9 24.0
10 15.0
11 8.0
12 9.0
13 9.0
14 9.0
15 11.0
16 9.0
17 10.0
18 10.0
19 35.0
20 19.0
21 27.0
22 22.0
23 24.0
24 28.0
25 44.0
26 136.0
27 200.0
28 161.0
29 38.0
30 94.0
31 146.0
32 98.0
33 114.0
34 164.0
35 159.0
36 181.0
37 175.0
38 167.0
39 144.0
40 200.0
41 200.0
42 200.0
43 200.0
44 146.0
45 144.0
46 179.0
47 116.0
48 137.0
49 159.0
50 189.0
51 169.0
52 183.0
53 163.0
54 142.0
55 175.0
56 200.0
57 193.0
58 200.0
59 178.0
60 200.0
61 154.0
62 146.0
63 143.0
64 140.0
65 140.0
66 153.0
67 156.0
68 10.0
69 160.0
70 135.0
71 78.0
72 200.0
73 200.0
74 172.0
75 163.0
76 200.0
77 162.0
78 164.0
79 172.0
80 156.0
81 200.0
82 200.0
83 114.0
84 182.0
85 114.0
86 200.0
87 164.0
88 151.0
89 116.0
90 91.0
91 91.0
92 104.0
93 115.0
94 120.0
95 200.0
96 52.0
97 57.0
98 29.0
99 44.0
100 63.0
101 200.0
102 119.0
103 152.0
104 131.0
105 154.0
106 134.0
107 171.0
108 190.0
109 199.0
110 152.0
111 92.0
112 120.0
113 200.0
114 168.0
115 154.0
116 144.0
117 125.0
118 172.0
119 182.0
120 102.0
121 114.0
122 200.0
123 200.0
124 200.0
125 200.0
126 200.0
127 200.0
128 200.0
129 200.0
130 200.0
131 200.0
132 136.0
133 200.0
134 199.0
135 168.0
136 200.0
137 154.0
138 200.0
139 121.0
140 127.0
141 61.0
142 200.0
143 200.0
144 74.0
145 164.0
146 200.0
147 120.0
148 137.0
149 200.0
150 75.0
151 200.0
152 200.0
153 200.0
154 200.0
155 110.0
156 104.0
157 200.0
158 145.0
159 71.0
160 110.0
161 164.0
162 23.0
163 200.0
164 200.0
165 200.0
166 200.0
167 200.0
168 128.0
169 111.0
170 150.0
171 113.0
172 200.0
173 200.0
174 116.0
175 200.0
176 200.0
177 200.0
178 200.0
179 200.0
180 140.0
181 161.0
182 200.0
183 146.0
184 200.0
185 200.0
186 174.0
187 200.0
188 156.0
189 200.0
190 200.0
191 184.0
192 200.0
193 200.0
194 183.0
195 175.0
196 200.0
197 154.0
198 200.0
199 171.0
200 150.0
