1 11.0
2 9.0
3 9.0
4 9.0
5 10.0
6 9.0
7 8.0
8 9.0
9 9.0
10 8.0
11 9.0
12 10.0
13 9.0
14 10.0
15 10.0
16 10.0
17 10.0
18 9.0
19 9.0
20 8.0
21 9.0
22 9.0
23 8.0
24 8.0
25 8.0
26 9.0
27 9.0
28 9.0
29 9.0
30 9.0
31 8.0
32 9.0
33 9.0
34 10.0
35 8.0
36 9.0
37 10.0
38 11.0
39 10.0
40 9.0
41 9.0
42 10.0
43 10.0
44 8.0
45 8.0
46 10.0
47 9.0
48 10.0
49 8.0
50 8.0
51 9.0
52 8.0
53 10.0
54 10.0
55 8.0
56 11.0
57 10.0
58 10.0
59 13.0
60 9.0
61 9.0
62 9.0
63 10.0
64 9.0
65 10.0
66 10.0
67 11.0
68 9.0
69 10.0
70 11.0
71 12.0
72 9.0
73 9.0
74 9.0
75 10.0
76 8.0
77 12.0
78 9.0
79 10.0
80 9.0
81 11.0
82 18.0
83 11.0
84 10.0
85 10.0
86 60.0
87 12.0
88 68.0
89 12.0
90 40.0
91 62.0
92 24.0
93 43.0
94 85.0
95 21.0
96 90.0
97 66.0
98 28.0
99 154.0
100 191.0
101 153.0
102 185.0
103 196.0
104 200.0
105 193.0
106 200.0
107 200.0
108 200.0
109 200.0
110 200.0
111 200.0
112 200.0
113 200.0
114 200.0
115 200.0
116 200.0
117 200.0
118 200.0
119 200.0
120 200.0
121 200.0
122 200.0
123 200.0
124 158.0
125 200.0
126 200.0
127 199.0
128 200.0
129 200.0
130 200.0
131 200.0
132 184.0
133 159.0
134 183.0
135 191.0
136 200.0
137 200.0
138 194.0
139 200.0
140 200.0
141 200.0
142 177.0
143 183.0
144 48.0
145 166.0
146 200.0
147 200.0
148 200.0
149 200.0
150 200.0
151 200.0
152 183.0
153 164.0
154 146.0
155 154.0
156 169.0
157 200.0
158 129.0
159 149.0
160 134.0
161 176.0
162 200.0
163 166.0
164 129.0
165 144.0
166 159.0
167 162.0
168 196.0
169 50.0
170 28.0
171 93.0
172 200.0
173 200.0
174 200.0
175 200.0
176 138.0
177 20.0
178 41.0
179 27.0
180 41.0
181 200.0
182 200.0
183 114.0
184 175.0
185 200.0
186 200.0
187 160.0
188 200.0
189 200.0
190 200.0
191 200.0
192 200.0
193 142.0
194 135.0
195 200.0
196 184.0
197 200.0
198 157.0
199 200.0
200 147.0
