1 11.0
2 9.0
3 9.0
4 9.0
5 10.0
6 9.0
7 8.0
8 9.0
9 9.0
10 8.0
11 9.0
12 10.0
13 9.0
14 10.0
15 10.0
16 10.0
17 10.0
18 9.0
19 9.0
20 8.0
21 9.0
22 9.0
23 8.0
24 8.0
25 8.0
26 9.0
27 9.0
28 9.0
29 9.0
30 9.0
31 8.0
32 9.0
33 9.0
34 10.0
35 8.0
36 9.0
37 10.0
38 11.0
39 10.0
40 9.0
41 9.0
42 10.0
43 10.0
44 8.0
45 8.0
46 10.0
47 9.0
48 10.0
49 8.0
50 8.0
51 9.0
52 8.0
53 10.0
54 11.0
55 8.0
56 11.0
57 10.0
58 11.0
59 10.0
60 9.0
61 9.0
62 9.0
63 10.0
64 9.0
65 10.0
66 9.0
67 9.0
68 9.0
69 8.0
70 8.0
71 8.0
72 10.0
73 10.0
74 10.0
75 9.0
76 12.0
77 9.0
78 10.0
79 9.0
80 28.0
81 10.0
82 26.0
83 17.0
84 9.0
85 9.0
86 20.0
87 19.0
88 30.0
89 8.0
90 9.0
91 9.0
92 123.0
93 9.0
94 18.0
95 9.0
96 11.0
97 17.0
98 37.0
99 12.0
100 27.0
101 13.0
102 40.0
103 11.0
104 38.0
105 59.0
106 65.0
107 72.0
108 172.0
109 18.0
110 86.0
111 108.0
112 118.0
113 12.0
114 96.0
115 153.0
116 196.0
117 200.0
118 200.0
119 200.0
120 200.0
121 200.0
122 200.0
123 200.0
124 200.0
125 200.0
126 200.0
127 200.0
128 200.0
129 200.0
130 200.0
131 200.0
132 200.0
133 200.0
134 200.0
135 200.0
136 200.0
137 180.0
138 200.0
139 200.0
140 200.0
141 200.0
142 200.0
143 200.0
144 200.0
145 200.0
146 200.0
147 200.0
148 200.0
149 200.0
150 176.0
151 138.0
152 200.0
153 200.0
154 161.0
155 9.0
156 62.0
157 154.0
158 81.0
159 116.0
160 179.0
161 129.0
162 200.0
163 109.0
164 200.0
165 200.0
166 200.0
167 200.0
168 159.0
169 47.0
170 9.0
171 19.0
172 13.0
173 136.0
174 200.0
175 200.0
176 200.0
177 181.0
178 200.0
179 200.0
180 162.0
181 200.0
182 200.0
183 130.0
184 200.0
185 170.0
186 200.0
187 155.0
188 178.0
189 192.0
190 200.0
191 146.0
192 116.0
193 160.0
194 200.0
195 200.0
196 177.0
197 200.0
198 184.0
199 200.0
200 175.0
