1 11.0
2 9.0
3 9.0
4 9.0
5 10.0
6 9.0
7 8.0
8 9.0
9 9.0
10 8.0
11 9.0
12 10.0
13 9.0
14 10.0
15 10.0
16 10.0
17 10.0
18 9.0
19 9.0
20 8.0
21 9.0
22 9.0
23 8.0
24 8.0
25 8.0
26 9.0
27 9.0
28 9.0
29 9.0
30 9.0
31 8.0
32 9.0
33 9.0
34 10.0
35 8.0
36 9.0
37 10.0
38 11.0
39 10.0
40 9.0
41 9.0
42 10.0
43 10.0
44 8.0
45 8.0
46 10.0
47 9.0
48 10.0
49 8.0
50 8.0
51 9.0
52 8.0
53 10.0
54 10.0
55 8.0
56 11.0
57 10.0
58 10.0
59 13.0
60 14.0
61 30.0
62 17.0
63 15.0
64 24.0
65 32.0
66 48.0
67 43.0
68 123.0
69 145.0
70 200.0
71 173.0
72 153.0
73 143.0
74 143.0
75 135.0
76 132.0
77 142.0
78 138.0
79 147.0
80 129.0
81 147.0
82 135.0
83 149.0
84 135.0
85 143.0
86 141.0
87 127.0
88 154.0
89 144.0
90 144.0
91 143.0
92 131.0
93 141.0
94 135.0
95 142.0
96 136.0
97 152.0
98 158.0
99 152.0
100 128.0
101 127.0
102 151.0
103 161.0
104 200.0
105 178.0
106 155.0
107 158.0
108 140.0
109 154.0
110 137.0
111 172.0
112 161.0
113 144.0
114 163.0
115 177.0
116 152.0
117 138.0
118 163.0
119 142.0
120 182.0
121 150.0
122 150.0
123 165.0
124 160.0
125 154.0
126 144.0
127 154.0
128 177.0
129 150.0
130 200.0
131 158.0
132 168.0
133 195.0
134 165.0
135 167.0
136 173.0
137 191.0
138 153.0
139 173.0
140 200.0
141 171.0
142 164.0
143 200.0
144 173.0
145 200.0
146 200.0
147 200.0
148 181.0
149 173.0
150 142.0
151 200.0
152 141.0
153 193.0
154 182.0
155 189.0
156 169.0
157 200.0
158 104.0
159 145.0
160 200.0
161 98.0
162 192.0
163 179.0
164 200.0
165 200.0
166 200.0
167 200.0
168 31.0
169 200.0
170 107.0
171 200.0
172 200.0
173 140.0
174 200.0
175 138.0
176 143.0
177 53.0
178 200.0
179 200.0
180 200.0
181 200.0
182 189.0
183 141.0
184 200.0
185 200.0
186 200.0
187 200.0
188 200.0
189 200.0
190 193.0
191 175.0
192 200.0
193 196.0
194 180.0
195 200.0
196 200.0
197 200.0
198 146.0
199 200.0
200 116.0
