1 11.0
2 9.0
3 9.0
4 9.0
5 10.0
6 9.0
7 8.0
8 9.0
9 9.0
10 8.0
11 9.0
12 10.0
13 9.0
14 10.0
15 10.0
16 10.0
17 10.0
18 9.0
19 9.0
20 8.0
21 9.0
22 9.0
23 8.0
24 8.0
25 8.0
26 9.0
27 9.0
28 9.0
29 9.0
30 9.0
31 8.0
32 9.0
33 9.0
34 10.0
35 8.0
36 9.0
37 10.0
38 11.0
39 10.0
40 9.0
41 9.0
42 10.0
43 10.0
44 8.0
45 8.0
46 10.0
47 9.0
48 10.0
49 8.0
50 8.0
51 9.0
52 8.0
53 10.0
54 10.0
55 8.0
56 11.0
57 10.0
58 10.0
59 13.0
60 9.0
61 9.0
62 27.0
63 9.0
64 11.0
65 10.0
66 45.0
67 16.0
68 15.0
69 10.0
70 11.0
71 10.0
72 9.0
73 9.0
74 18.0
75 11.0
76 54.0
77 17.0
78 23.0
79 161.0
80 43.0
81 18.0
82 104.0
83 131.0
84 101.0
85 129.0
86 200.0
87 159.0
88 200.0
89 200.0
90 200.0
91 200.0
92 200.0
93 200.0
94 200.0
95 200.0
96 200.0
97 182.0
98 179.0
99 200.0
100 200.0
101 200.0
102 200.0
103 200.0
104 119.0
105 200.0
106 200.0
107 200.0
108 200.0
109 189.0
110 200.0
111 200.0
112 200.0
113 200.0
114 200.0
115 198.0
116 200.0
117 153.0
118 184.0
119 200.0
120 141.0
121 156.0
122 195.0
123 186.0
124 129.0
125 200.0
126 200.0
127 200.0
128 198.0
129 160.0
130 200.0
131 166.0
132 150.0
133 99.0
134 126.0
135 123.0
136 131.0
137 194.0
138 200.0
139 194.0
140 200.0
141 171.0
142 200.0
143 200.0
144 28.0
145 200.0
146 200.0
147 200.0
148 200.0
149 104.0
150 200.0
151 124.0
152 200.0
153 200.0
154 200.0
155 188.0
156 200.0
157 200.0
158 194.0
159 200.0
160 200.0
161 141.0
162 200.0
163 149.0
164 200.0
165 78.0
166 171.0
167 152.0
168 200.0
169 200.0
170 81.0
171 200.0
172 200.0
173 105.0
174 151.0
175 200.0
176 195.0
177 148.0
178 198.0
179 170.0
180 165.0
181 128.0
182 150.0
183 200.0
184 200.0
185 200.0
186 142.0
187 200.0
188 194.0
189 200.0
190 200.0
191 200.0
192 200.0
193 200.0
194 200.0
195 200.0
196 200.0
197 200.0
198 180.0
199 200.0
200 200.0
