1 11.0
2 9.0
3 9.0
4 9.0
5 10.0
6 9.0
7 8.0
8 9.0
9 9.0
10 8.0
11 9.0
12 10.0
13 9.0
14 10.0
15 10.0
16 10.0
17 10.0
18 9.0
19 9.0
20 8.0
21 9.0
22 9.0
23 8.0
24 8.0
25 8.0
26 9.0
27 9.0
28 9.0
29 9.0
30 9.0
31 8.0
32 9.0
33 9.0
34 10.0
35 8.0
36 9.0
37 10.0
38 11.0
39 10.0
40 9.0
41 9.0
42 10.0
43 10.0
44 8.0
45 8.0
46 10.0
47 9.0
48 10.0
49 8.0
50 8.0
51 9.0
52 8.0
53 10.0
54 10.0
55 8.0
56 11.0
57 10.0
58 10.0
59 13.0
60 9.0
61 21.0
62 22.0
63 9.0
64 10.0
65 14.0
66 10.0
67 9.0
68 31.0
69 26.0
70 55.0
71 96.0
72 10.0
73 17.0
74 24.0
75 84.0
76 59.0
77 116.0
78 79.0
79 181.0
80 172.0
81 200.0
82 171.0
83 181.0
84 163.0
85 180.0
86 200.0
87 200.0
88 200.0
89 163.0
90 200.0
91 200.0
92 170.0
93 200.0
94 200.0
95 200.0
96 200.0
97 200.0
98 200.0
99 200.0
100 197.0
101 176.0
102 200.0
103 200.0
104 200.0
105 200.0
106 200.0
107 200.0
108 198.0
109 200.0
110 200.0
111 200.0
112 200.0
113 200.0
114 200.0
115 200.0
116 200.0
117 200.0
118 200.0
119 200.0
120 171.0
121 200.0
122 200.0
123 165.0
124 200.0
125 200.0
126 189.0
127 200.0
128 200.0
129 200.0
130 200.0
131 193.0
132 180.0
133 200.0
134 200.0
135 167.0
136 102.0
137 68.0
138 200.0
139 200.0
140 187.0
141 183.0
142 200.0
143 200.0
144 200.0
145 186.0
146 200.0
147 200.0
148 200.0
149 200.0
150 200.0
151 200.0
152 200.0
153 200.0
154 200.0
155 200.0
156 188.0
157 200.0
158 191.0
159 200.0
160 200.0
161 200.0
162 200.0
163 200.0
164 200.0
165 200.0
166 200.0
167 200.0
168 200.0
169 200.0
170 186.0
171 183.0
172 200.0
173 144.0
174 200.0
175 200.0
176 200.0
177 200.0
178 200.0
179 55.0
180 200.0
181 200.0
182 200.0
183 200.0
184 200.0
185 200.0
186 161.0
187 200.0
188 189.0
189 200.0
190 171.0
191 157.0
192 200.0
193 199.0
194 177.0
195 92.0
196 70.0
197 162.0
198 199.0
199 200.0
200 127.0
