0 24.0
1 15.0
2 13.0
3 29.0
4 16.0
5 17.0
6 17.0
7 34.0
8 19.0
9 29.0
10 20.0
11 19.0
12 17.0
13 23.0
14 21.0
15 18.0
16 29.0
17 15.0
18 16.0
19 35.0
20 13.0
21 12.0
22 14.0
23 11.0
24 16.0
25 26.0
26 27.0
27 12.0
28 25.0
29 20.0
30 11.0
31 48.0
32 26.0
33 27.0
34 13.0
35 40.0
36 28.0
37 31.0
38 19.0
39 39.0
40 10.0
41 43.0
42 24.0
43 28.0
44 11.0
45 43.0
46 73.0
47 31.0
48 17.0
49 35.0
50 33.0
51 39.0
52 39.0
53 26.0
54 46.0
55 102.0
56 21.0
57 45.0
58 40.0
59 20.0
60 54.0
61 22.0
62 29.0
63 92.0
64 24.0
65 35.0
66 43.0
67 34.0
68 14.0
69 33.0
70 23.0
71 101.0
72 40.0
73 22.0
74 27.0
75 70.0
76 17.0
77 17.0
78 42.0
79 26.0
80 54.0
81 33.0
82 29.0
83 36.0
84 39.0
85 18.0
86 19.0
87 78.0
88 40.0
89 59.0
90 19.0
91 15.0
92 49.0
93 23.0
94 76.0
95 73.0
96 53.0
97 25.0
98 40.0
99 37.0
100 27.0
101 37.0
102 56.0
103 32.0
104 30.0
105 45.0
106 129.0
107 22.0
108 47.0
109 21.0
110 51.0
111 108.0
112 42.0
113 65.0
114 30.0
115 16.0
116 73.0
117 132.0
118 42.0
119 31.0
120 26.0
121 39.0
122 48.0
123 26.0
124 46.0
125 45.0
126 106.0
127 76.0
128 33.0
129 30.0
130 63.0
131 47.0
132 14.0
133 22.0
134 66.0
135 60.0
136 94.0
137 67.0
138 91.0
139 132.0
140 137.0
141 114.0
142 36.0
143 40.0
144 176.0
145 51.0
146 92.0
147 43.0
148 43.0
149 106.0
150 200.0
151 52.0
152 85.0
153 94.0
154 82.0
155 80.0
156 97.0
157 189.0
158 181.0
159 66.0
160 110.0
161 94.0
162 61.0
163 108.0
164 155.0
165 71.0
166 41.0
167 133.0
168 99.0
169 43.0
170 170.0
171 98.0
172 85.0
173 31.0
174 56.0
175 200.0
176 51.0
177 83.0
178 175.0
179 171.0
180 200.0
181 26.0
182 101.0
183 131.0
184 92.0
185 91.0
186 140.0
187 77.0
188 121.0
189 64.0
190 46.0
191 154.0
192 121.0
193 29.0
194 87.0
195 24.0
196 133.0
197 76.0
198 34.0
199 73.0
200 20.0
201 136.0
202 33.0
203 200.0
204 43.0
205 189.0
206 192.0
207 23.0
208 31.0
209 57.0
210 108.0
211 103.0
212 200.0
213 129.0
214 184.0
215 90.0
216 137.0
217 200.0
218 136.0
219 145.0
220 23.0
221 200.0
222 155.0
223 200.0
224 84.0
225 75.0
226 19.0
227 119.0
228 122.0
229 60.0
230 18.0
231 85.0
232 164.0
233 190.0
234 81.0
235 92.0
236 127.0
237 107.0
238 87.0
239 73.0
240 131.0
241 170.0
242 182.0
243 98.0
244 164.0
245 55.0
246 128.0
247 149.0
248 148.0
249 70.0
250 155.0
251 183.0
252 165.0
253 200.0
254 200.0
255 158.0
256 134.0
257 200.0
258 166.0
259 143.0
260 110.0
261 167.0
262 188.0
263 115.0
264 200.0
265 200.0
266 200.0
267 173.0
268 54.0
269 200.0
270 200.0
271 174.0
272 200.0
273 149.0
274 200.0
275 200.0
276 200.0
277 170.0
278 193.0
279 137.0
280 200.0
281 200.0
282 172.0
283 200.0
284 109.0
285 200.0
286 200.0
287 191.0
288 200.0
289 200.0
290 200.0
291 200.0
292 88.0
293 200.0
294 200.0
295 200.0
296 200.0
297 200.0
298 200.0
299 143.0
300 200.0
301 155.0
302 110.0
303 189.0
304 143.0
305 200.0
306 89.0
307 97.0
308 128.0
309 135.0
310 107.0
311 109.0
312 137.0
313 104.0
314 175.0
315 194.0
316 96.0
317 131.0
318 89.0
319 133.0
320 149.0
321 52.0
322 29.0
323 72.0
324 179.0
325 66.0
326 125.0
327 88.0
328 45.0
329 83.0
330 98.0
331 115.0
332 95.0
333 140.0
334 112.0
335 173.0
336 121.0
337 144.0
338 163.0
339 153.0
340 88.0
341 130.0
342 200.0
343 154.0
344 118.0
345 200.0
346 40.0
347 164.0
348 200.0
349 200.0
350 134.0
351 200.0
352 178.0
353 136.0
354 200.0
355 200.0
356 131.0
357 200.0
358 118.0
359 72.0
360 122.0
361 113.0
362 200.0
363 200.0
364 54.0
365 200.0
366 200.0
367 200.0
368 160.0
369 197.0
370 200.0
371 143.0
372 200.0
373 127.0
374 126.0
375 100.0
376 195.0
377 189.0
378 191.0
379 109.0
380 103.0
381 154.0
382 178.0
383 200.0
384 200.0
385 111.0
386 63.0
387 169.0
388 173.0
389 185.0
390 161.0
391 184.0
392 132.0
393 200.0
394 67.0
395 117.0
396 156.0
397 200.0
398 174.0
399 181.0
400 182.0
401 189.0
402 200.0
403 200.0
404 179.0
405 51.0
406 177.0
407 200.0
408 200.0
409 146.0
410 200.0
411 200.0
412 200.0
413 40.0
414 200.0
415 200.0
416 112.0
417 154.0
418 101.0
419 200.0
420 200.0
421 200.0
422 86.0
423 141.0
424 200.0
425 200.0
426 189.0
427 104.0
428 200.0
429 200.0
430 82.0
431 200.0
432 200.0
433 200.0
434 90.0
435 174.0
436 200.0
437 155.0
438 200.0
439 196.0
440 200.0
441 200.0
442 164.0
443 200.0
444 200.0
445 200.0
446 200.0
447 200.0
448 200.0
449 200.0
450 139.0
451 108.0
452 174.0
453 186.0
454 160.0
455 200.0
456 200.0
457 177.0
458 67.0
459 135.0
460 164.0
461 147.0
462 200.0
463 53.0
464 191.0
465 127.0
466 28.0
467 141.0
468 146.0
469 200.0
470 152.0
471 190.0
472 200.0
473 116.0
474 136.0
475 123.0
476 181.0
477 171.0
478 62.0
479 18.0
480 142.0
481 159.0
482 173.0
483 157.0
484 200.0
485 200.0
486 200.0
487 148.0
488 141.0
489 139.0
490 129.0
491 24.0
492 72.0
493 92.0
494 200.0
495 116.0
496 136.0
497 200.0
498 200.0
499 161.0
500 200.0
501 54.0
502 113.0
503 184.0
504 200.0
505 197.0
506 141.0
507 132.0
508 200.0
509 166.0
510 200.0
511 161.0
512 172.0
513 200.0
514 196.0
515 200.0
516 157.0
517 200.0
518 93.0
519 149.0
520 189.0
521 200.0
522 184.0
523 177.0
524 171.0
525 200.0
526 179.0
527 195.0
528 129.0
529 29.0
530 182.0
531 166.0
532 200.0
533 200.0
534 200.0
535 192.0
536 200.0
537 195.0
538 166.0
539 162.0
540 180.0
541 159.0
542 200.0
543 169.0
544 200.0
545 149.0
546 193.0
547 181.0
548 20.0
549 200.0
550 200.0
551 60.0
552 123.0
553 169.0
554 158.0
555 132.0
556 188.0
557 171.0
558 24.0
559 125.0
560 167.0
561 200.0
562 192.0
563 200.0
564 144.0
565 200.0
566 170.0
567 129.0
568 200.0
569 200.0
570 102.0
571 194.0
572 194.0
573 200.0
574 176.0
575 177.0
576 200.0
577 25.0
578 200.0
579 200.0
580 173.0
581 200.0
582 200.0
583 193.0
584 180.0
585 200.0
586 200.0
587 196.0
588 177.0
589 162.0
590 200.0
591 200.0
592 200.0
593 200.0
594 200.0
595 200.0
596 200.0
597 187.0
598 125.0
599 200.0
600 200.0
601 174.0
602 153.0
603 200.0
604 200.0
605 200.0
606 39.0
607 200.0
608 31.0
609 200.0
610 178.0
611 200.0
612 180.0
613 177.0
614 159.0
615 200.0
616 200.0
617 152.0
618 200.0
619 200.0
620 156.0
621 173.0
622 182.0
623 162.0
624 200.0
625 200.0
626 103.0
627 197.0
628 200.0
629 200.0
630 200.0
631 200.0
632 200.0
633 200.0
634 200.0
635 179.0
636 84.0
637 200.0
638 200.0
639 200.0
640 200.0
641 200.0
642 200.0
643 200.0
644 200.0
645 97.0
646 200.0
647 200.0
648 200.0
649 200.0
650 200.0
651 200.0
652 200.0
653 156.0
654 156.0
655 200.0
656 200.0
657 200.0
658 200.0
659 200.0
660 200.0
661 200.0
662 200.0
663 200.0
664 200.0
665 200.0
666 200.0
667 143.0
668 200.0
669 200.0
670 200.0
671 192.0
672 200.0
673 200.0
674 200.0
675 200.0
676 156.0
677 200.0
678 113.0
679 127.0
680 200.0
681 200.0
682 200.0
683 200.0
684 200.0
685 188.0
686 200.0
687 165.0
688 200.0
689 200.0
690 200.0
691 200.0
692 200.0
693 200.0
694 200.0
695 143.0
696 200.0
697 200.0
698 200.0
699 200.0
700 200.0
701 200.0
702 200.0
703 200.0
704 182.0
705 200.0
706 179.0
707 200.0
708 200.0
709 200.0
710 200.0
711 200.0
712 200.0
713 200.0
714 200.0
715 197.0
716 200.0
717 200.0
718 200.0
719 200.0
720 200.0
721 200.0
722 200.0
723 200.0
724 200.0
725 200.0
726 200.0
727 200.0
728 200.0
729 200.0
730 200.0
731 200.0
732 200.0
733 200.0
734 200.0
735 73.0
736 200.0
737 200.0
738 200.0
739 200.0
740 200.0
741 200.0
742 200.0
743 200.0
744 200.0
745 200.0
746 200.0
747 200.0
748 200.0
749 200.0
750 200.0
751 200.0
752 200.0
753 185.0
754 149.0
755 145.0
756 200.0
757 102.0
758 200.0
759 200.0
760 191.0
761 200.0
762 200.0
763 200.0
764 200.0
765 200.0
766 200.0
767 200.0
768 200.0
769 200.0
770 200.0
771 200.0
772 200.0
773 200.0
774 200.0
775 200.0
776 200.0
777 200.0
778 200.0
779 178.0
780 200.0
781 200.0
782 200.0
783 200.0
784 200.0
785 200.0
786 200.0
787 200.0
788 200.0
789 200.0
790 200.0
791 200.0
792 200.0
793 200.0
794 84.0
795 200.0
796 200.0
797 200.0
798 200.0
799 200.0
800 141.0
801 200.0
802 200.0
803 200.0
804 200.0
805 200.0
806 157.0
807 200.0
808 200.0
809 197.0
810 200.0
811 161.0
812 200.0
813 200.0
814 200.0
815 200.0
816 200.0
817 200.0
818 200.0
819 200.0
820 196.0
821 200.0
822 200.0
823 200.0
824 200.0
825 200.0
826 200.0
827 63.0
828 200.0
829 200.0
830 200.0
831 200.0
832 200.0
833 30.0
834 200.0
835 200.0
836 87.0
837 200.0
838 200.0
839 193.0
840 180.0
841 198.0
842 200.0
843 200.0
844 200.0
845 200.0
846 200.0
847 200.0
848 200.0
849 200.0
850 196.0
851 200.0
852 200.0
853 200.0
854 200.0
855 200.0
856 200.0
857 200.0
858 200.0
859 200.0
860 200.0
861 200.0
862 200.0
863 200.0
864 187.0
865 200.0
866 200.0
867 200.0
868 200.0
869 190.0
870 200.0
871 200.0
872 107.0
873 157.0
874 200.0
875 200.0
876 200.0
877 200.0
878 200.0
879 200.0
880 200.0
881 200.0
882 188.0
883 200.0
884 200.0
885 200.0
886 190.0
887 200.0
888 200.0
889 200.0
890 177.0
891 105.0
892 200.0
893 200.0
894 200.0
895 200.0
896 200.0
897 200.0
898 200.0
899 200.0
900 200.0
901 200.0
902 90.0
903 200.0
904 200.0
905 200.0
906 200.0
907 200.0
908 200.0
909 129.0
910 200.0
911 200.0
912 163.0
913 200.0
914 200.0
915 200.0
916 200.0
917 200.0
918 200.0
919 164.0
920 200.0
921 200.0
922 200.0
923 200.0
924 200.0
925 200.0
926 200.0
927 200.0
928 200.0
929 200.0
930 200.0
931 200.0
932 200.0
933 200.0
934 200.0
935 200.0
936 200.0
937 200.0
938 200.0
939 200.0
940 200.0
941 73.0
942 179.0
943 200.0
944 200.0
945 200.0
946 200.0
947 200.0
948 200.0
949 200.0
950 200.0
951 69.0
952 200.0
953 200.0
954 200.0
955 200.0
956 200.0
957 200.0
958 200.0
959 200.0
960 200.0
961 200.0
962 200.0
963 200.0
964 200.0
965 200.0
966 200.0
967 192.0
968 200.0
969 200.0
970 200.0
971 200.0
972 200.0
973 200.0
974 200.0
975 200.0
976 148.0
977 200.0
978 200.0
979 162.0
980 200.0
981 200.0
982 200.0
983 200.0
984 178.0
985 200.0
986 200.0
987 200.0
988 200.0
989 200.0
990 200.0
991 200.0
992 200.0
993 200.0
994 200.0
995 53.0
996 200.0
997 200.0
998 200.0
999 200.0
