0 44.0
1 22.0
2 34.0
3 57.0
4 10.0
5 43.0
6 11.0
7 29.0
8 34.0
9 12.0
10 14.0
11 23.0
12 23.0
13 16.0
14 13.0
15 16.0
16 16.0
17 34.0
18 21.0
19 28.0
20 23.0
21 23.0
22 20.0
23 20.0
24 14.0
25 28.0
26 26.0
27 48.0
28 46.0
29 48.0
30 24.0
31 31.0
32 33.0
33 18.0
34 18.0
35 27.0
36 31.0
37 42.0
38 30.0
39 51.0
40 16.0
41 39.0
42 18.0
43 24.0
44 31.0
45 29.0
46 20.0
47 55.0
48 45.0
49 50.0
50 52.0
51 37.0
52 15.0
53 14.0
54 61.0
55 18.0
56 40.0
57 42.0
58 34.0
59 10.0
60 26.0
61 51.0
62 21.0
63 12.0
64 20.0
65 54.0
66 19.0
67 10.0
68 21.0
69 33.0
70 27.0
71 18.0
72 17.0
73 18.0
74 10.0
75 36.0
76 17.0
77 24.0
78 96.0
79 30.0
80 66.0
81 69.0
82 42.0
83 53.0
84 11.0
85 10.0
86 48.0
87 15.0
88 20.0
89 57.0
90 29.0
91 30.0
92 29.0
93 28.0
94 18.0
95 17.0
96 58.0
97 82.0
98 24.0
99 22.0
100 50.0
101 30.0
102 82.0
103 28.0
104 62.0
105 37.0
106 66.0
107 62.0
108 13.0
109 45.0
110 88.0
111 74.0
112 21.0
113 13.0
114 22.0
115 53.0
116 30.0
117 17.0
118 35.0
119 26.0
120 44.0
121 46.0
122 11.0
123 11.0
124 15.0
125 27.0
126 30.0
127 61.0
128 116.0
129 21.0
130 25.0
131 26.0
132 67.0
133 63.0
134 62.0
135 18.0
136 75.0
137 16.0
138 33.0
139 49.0
140 44.0
141 21.0
142 28.0
143 43.0
144 25.0
145 37.0
146 36.0
147 51.0
148 20.0
149 20.0
150 75.0
151 22.0
152 17.0
153 47.0
154 31.0
155 92.0
156 32.0
157 17.0
158 111.0
159 28.0
160 19.0
161 38.0
162 32.0
163 54.0
164 18.0
165 123.0
166 13.0
167 56.0
168 26.0
169 30.0
170 18.0
171 54.0
172 35.0
173 91.0
174 24.0
175 92.0
176 23.0
177 32.0
178 45.0
179 27.0
180 56.0
181 56.0
182 18.0
183 41.0
184 13.0
185 21.0
186 31.0
187 89.0
188 35.0
189 56.0
190 19.0
191 17.0
192 41.0
193 130.0
194 60.0
195 38.0
196 25.0
197 31.0
198 51.0
199 18.0
200 38.0
201 145.0
202 33.0
203 44.0
204 28.0
205 10.0
206 56.0
207 19.0
208 24.0
209 24.0
210 32.0
211 26.0
212 56.0
213 41.0
214 26.0
215 75.0
216 17.0
217 58.0
218 105.0
219 52.0
220 44.0
221 69.0
222 68.0
223 40.0
224 52.0
225 49.0
226 104.0
227 67.0
228 32.0
229 56.0
230 84.0
231 34.0
232 23.0
233 42.0
234 132.0
235 40.0
236 19.0
237 31.0
238 16.0
239 13.0
240 35.0
241 17.0
242 29.0
243 128.0
244 14.0
245 88.0
246 64.0
247 47.0
248 25.0
249 74.0
250 12.0
251 18.0
252 15.0
253 18.0
254 40.0
255 84.0
256 37.0
257 69.0
258 27.0
259 57.0
260 38.0
261 28.0
262 18.0
263 61.0
264 22.0
265 68.0
266 20.0
267 41.0
268 171.0
269 75.0
270 137.0
271 57.0
272 23.0
273 54.0
274 65.0
275 21.0
276 20.0
277 38.0
278 76.0
279 22.0
280 61.0
281 34.0
282 24.0
283 150.0
284 37.0
285 141.0
286 73.0
287 21.0
288 19.0
289 30.0
290 24.0
291 15.0
292 25.0
293 47.0
294 26.0
295 31.0
296 62.0
297 52.0
298 36.0
299 56.0
300 49.0
301 20.0
302 35.0
303 68.0
304 94.0
305 50.0
306 51.0
307 93.0
308 35.0
309 45.0
310 119.0
311 129.0
312 25.0
313 23.0
314 13.0
315 30.0
316 54.0
317 150.0
318 79.0
319 13.0
320 44.0
321 26.0
322 113.0
323 101.0
324 94.0
325 14.0
326 94.0
327 40.0
328 61.0
329 84.0
330 32.0
331 24.0
332 46.0
333 65.0
334 138.0
335 56.0
336 32.0
337 41.0
338 84.0
339 74.0
340 57.0
341 74.0
342 70.0
343 162.0
344 116.0
345 96.0
346 74.0
347 73.0
348 45.0
349 37.0
350 139.0
351 77.0
352 66.0
353 43.0
354 35.0
355 25.0
356 29.0
357 19.0
358 28.0
359 72.0
360 67.0
361 36.0
362 48.0
363 20.0
364 25.0
365 119.0
366 77.0
367 73.0
368 200.0
369 102.0
370 157.0
371 19.0
372 31.0
373 198.0
374 94.0
375 20.0
376 105.0
377 75.0
378 36.0
379 45.0
380 32.0
381 115.0
382 32.0
383 154.0
384 82.0
385 41.0
386 96.0
387 112.0
388 130.0
389 35.0
390 27.0
391 44.0
392 127.0
393 43.0
394 60.0
395 70.0
396 47.0
397 51.0
398 27.0
399 108.0
400 108.0
401 113.0
402 54.0
403 132.0
404 168.0
405 110.0
406 30.0
407 17.0
408 86.0
409 72.0
410 106.0
411 116.0
412 31.0
413 64.0
414 21.0
415 74.0
416 93.0
417 17.0
418 24.0
419 58.0
420 105.0
421 139.0
422 34.0
423 51.0
424 71.0
425 112.0
426 42.0
427 156.0
428 116.0
429 56.0
430 44.0
431 30.0
432 29.0
433 107.0
434 79.0
435 41.0
436 41.0
437 129.0
438 116.0
439 170.0
440 73.0
441 23.0
442 66.0
443 79.0
444 30.0
445 78.0
446 72.0
447 22.0
448 130.0
449 93.0
450 200.0
451 88.0
452 45.0
453 115.0
454 42.0
455 92.0
456 35.0
457 83.0
458 73.0
459 20.0
460 64.0
461 41.0
462 72.0
463 126.0
464 73.0
465 89.0
466 143.0
467 134.0
468 74.0
469 25.0
470 181.0
471 35.0
472 103.0
473 34.0
474 130.0
475 24.0
476 77.0
477 26.0
478 19.0
479 115.0
480 85.0
481 20.0
482 48.0
483 115.0
484 75.0
485 159.0
486 138.0
487 61.0
488 23.0
489 97.0
490 50.0
491 85.0
492 76.0
493 58.0
494 139.0
495 132.0
496 128.0
497 50.0
498 60.0
499 66.0
500 164.0
501 34.0
502 62.0
503 63.0
504 154.0
505 101.0
506 101.0
507 85.0
508 44.0
509 128.0
510 23.0
511 40.0
512 33.0
513 93.0
514 69.0
515 140.0
516 65.0
517 200.0
518 161.0
519 142.0
520 41.0
521 49.0
522 135.0
523 46.0
524 154.0
525 58.0
526 65.0
527 73.0
528 112.0
529 124.0
530 44.0
531 114.0
532 139.0
533 30.0
534 51.0
535 200.0
536 39.0
537 118.0
538 54.0
539 171.0
540 83.0
541 44.0
542 30.0
543 97.0
544 142.0
545 132.0
546 84.0
547 163.0
548 62.0
549 200.0
550 48.0
551 126.0
552 66.0
553 167.0
554 115.0
555 122.0
556 114.0
557 73.0
558 167.0
559 70.0
560 73.0
561 55.0
562 54.0
563 84.0
564 91.0
565 144.0
566 34.0
567 177.0
568 65.0
569 121.0
570 120.0
571 128.0
572 13.0
573 33.0
574 115.0
575 195.0
576 158.0
577 21.0
578 58.0
579 195.0
580 158.0
581 90.0
582 111.0
583 81.0
584 148.0
585 47.0
586 128.0
587 83.0
588 74.0
589 51.0
590 105.0
591 69.0
592 131.0
593 73.0
594 24.0
595 110.0
596 55.0
597 88.0
598 60.0
599 70.0
600 153.0
601 39.0
602 44.0
603 69.0
604 150.0
605 46.0
606 112.0
607 144.0
608 137.0
609 84.0
610 82.0
611 129.0
612 198.0
613 137.0
614 51.0
615 200.0
616 123.0
617 75.0
618 76.0
619 60.0
620 24.0
621 166.0
622 44.0
623 27.0
624 94.0
625 128.0
626 64.0
627 139.0
628 83.0
629 161.0
630 88.0
631 179.0
632 146.0
633 70.0
634 200.0
635 166.0
636 135.0
637 89.0
638 39.0
639 161.0
640 11.0
641 20.0
642 94.0
643 27.0
644 27.0
645 176.0
646 41.0
647 170.0
648 70.0
649 54.0
650 76.0
651 50.0
652 66.0
653 104.0
654 132.0
655 23.0
656 200.0
657 136.0
658 44.0
659 106.0
660 35.0
661 134.0
662 152.0
663 77.0
664 112.0
665 101.0
666 145.0
667 74.0
668 172.0
669 124.0
670 115.0
671 197.0
672 200.0
673 121.0
674 27.0
675 117.0
676 117.0
677 169.0
678 48.0
679 157.0
680 55.0
681 122.0
682 64.0
683 110.0
684 112.0
685 143.0
686 82.0
687 102.0
688 150.0
689 75.0
690 133.0
691 89.0
692 200.0
693 94.0
694 116.0
695 37.0
696 52.0
697 163.0
698 43.0
699 79.0
700 52.0
701 129.0
702 124.0
703 123.0
704 81.0
705 200.0
706 45.0
707 131.0
708 78.0
709 35.0
710 151.0
711 23.0
712 36.0
713 47.0
714 114.0
715 157.0
716 200.0
717 87.0
718 58.0
719 88.0
720 62.0
721 131.0
722 99.0
723 115.0
724 200.0
725 39.0
726 116.0
727 200.0
728 33.0
729 25.0
730 60.0
731 141.0
732 124.0
733 75.0
734 142.0
735 84.0
736 140.0
737 105.0
738 30.0
739 118.0
740 41.0
741 180.0
742 47.0
743 166.0
744 200.0
745 137.0
746 91.0
747 156.0
748 34.0
749 153.0
750 60.0
751 21.0
752 142.0
753 130.0
754 159.0
755 200.0
756 148.0
757 120.0
758 112.0
759 95.0
760 183.0
761 64.0
762 122.0
763 73.0
764 200.0
765 168.0
766 140.0
767 43.0
768 40.0
769 88.0
770 161.0
771 178.0
772 81.0
773 123.0
774 70.0
775 40.0
776 166.0
777 155.0
778 112.0
779 99.0
780 172.0
781 52.0
782 61.0
783 80.0
784 136.0
785 107.0
786 127.0
787 200.0
788 130.0
789 58.0
790 200.0
791 110.0
792 177.0
793 124.0
794 200.0
795 86.0
796 74.0
797 175.0
798 96.0
799 200.0
800 111.0
801 113.0
802 68.0
803 156.0
804 48.0
805 58.0
806 29.0
807 114.0
808 103.0
809 114.0
810 150.0
811 90.0
812 86.0
813 70.0
814 200.0
815 53.0
816 77.0
817 62.0
818 158.0
819 157.0
820 148.0
821 77.0
822 81.0
823 162.0
824 170.0
825 129.0
826 112.0
827 87.0
828 198.0
829 114.0
830 80.0
831 161.0
832 125.0
833 108.0
834 48.0
835 94.0
836 21.0
837 170.0
838 60.0
839 167.0
840 83.0
841 129.0
842 200.0
843 57.0
844 200.0
845 68.0
846 33.0
847 74.0
848 193.0
849 171.0
850 182.0
851 135.0
852 105.0
853 60.0
854 108.0
855 144.0
856 145.0
857 129.0
858 101.0
859 200.0
860 105.0
861 188.0
862 80.0
863 30.0
864 95.0
865 200.0
866 116.0
867 89.0
868 188.0
869 126.0
870 175.0
871 71.0
872 90.0
873 200.0
874 106.0
875 48.0
876 36.0
877 144.0
878 187.0
879 131.0
880 159.0
881 127.0
882 114.0
883 58.0
884 200.0
885 97.0
886 120.0
887 57.0
888 200.0
889 136.0
890 175.0
891 81.0
892 188.0
893 117.0
894 200.0
895 66.0
896 181.0
897 122.0
898 104.0
899 139.0
900 112.0
901 56.0
902 41.0
903 54.0
904 200.0
905 60.0
906 198.0
907 50.0
908 120.0
909 42.0
910 128.0
911 115.0
912 63.0
913 135.0
914 104.0
915 146.0
916 105.0
917 126.0
918 102.0
919 185.0
920 61.0
921 118.0
922 200.0
923 200.0
924 97.0
925 118.0
926 94.0
927 102.0
928 200.0
929 147.0
930 132.0
931 100.0
932 131.0
933 173.0
934 152.0
935 109.0
936 71.0
937 132.0
938 160.0
939 56.0
940 53.0
941 153.0
942 151.0
943 200.0
944 96.0
945 121.0
946 14.0
947 53.0
948 109.0
949 200.0
950 200.0
951 82.0
952 182.0
953 200.0
954 66.0
955 79.0
956 104.0
957 126.0
958 120.0
959 46.0
960 92.0
961 200.0
962 127.0
963 200.0
964 135.0
965 159.0
966 128.0
967 200.0
968 165.0
969 78.0
970 35.0
971 146.0
972 163.0
973 153.0
974 156.0
975 49.0
976 200.0
977 127.0
978 143.0
979 102.0
980 80.0
981 129.0
982 135.0
983 175.0
984 199.0
985 138.0
986 92.0
987 200.0
988 76.0
989 70.0
990 83.0
991 200.0
992 63.0
993 144.0
994 200.0
995 100.0
996 166.0
997 144.0
998 57.0
999 189.0
1000 66.0
1001 200.0
1002 112.0
1003 200.0
1004 157.0
1005 158.0
1006 136.0
1007 108.0
1008 130.0
1009 122.0
1010 89.0
1011 137.0
1012 137.0
1013 39.0
1014 135.0
1015 167.0
1016 186.0
1017 137.0
1018 154.0
1019 107.0
1020 123.0
1021 182.0
1022 185.0
1023 140.0
1024 168.0
1025 65.0
1026 199.0
1027 200.0
1028 183.0
1029 108.0
1030 101.0
1031 93.0
1032 155.0
1033 200.0
1034 77.0
1035 152.0
1036 200.0
1037 117.0
1038 136.0
1039 131.0
1040 145.0
1041 113.0
1042 200.0
1043 41.0
1044 200.0
1045 179.0
1046 187.0
1047 200.0
1048 174.0
1049 37.0
1050 170.0
1051 200.0
1052 50.0
1053 153.0
1054 200.0
1055 128.0
1056 47.0
1057 200.0
1058 72.0
1059 139.0
1060 81.0
1061 122.0
1062 200.0
1063 200.0
1064 85.0
1065 40.0
1066 147.0
1067 80.0
1068 91.0
1069 52.0
1070 57.0
1071 70.0
1072 160.0
1073 200.0
1074 138.0
1075 133.0
1076 200.0
1077 200.0
1078 200.0
1079 175.0
1080 136.0
1081 126.0
1082 127.0
1083 200.0
1084 87.0
1085 82.0
1086 200.0
1087 146.0
1088 94.0
1089 120.0
1090 148.0
1091 132.0
1092 196.0
1093 171.0
1094 52.0
1095 120.0
1096 55.0
1097 200.0
1098 14.0
1099 155.0
1100 71.0
1101 185.0
1102 35.0
1103 110.0
1104 185.0
1105 200.0
1106 39.0
1107 185.0
1108 166.0
1109 126.0
1110 200.0
1111 118.0
1112 78.0
1113 151.0
1114 182.0
1115 139.0
1116 186.0
1117 123.0
1118 137.0
1119 154.0
1120 200.0
1121 193.0
1122 160.0
1123 157.0
1124 115.0
1125 149.0
1126 153.0
1127 100.0
1128 98.0
1129 128.0
1130 124.0
1131 144.0
1132 118.0
1133 144.0
1134 200.0
1135 170.0
1136 117.0
1137 140.0
1138 140.0
1139 156.0
1140 107.0
1141 192.0
1142 200.0
1143 127.0
1144 128.0
1145 150.0
1146 76.0
1147 145.0
1148 116.0
1149 142.0
1150 200.0
1151 78.0
1152 105.0
1153 145.0
1154 200.0
1155 128.0
1156 102.0
1157 130.0
1158 41.0
1159 66.0
1160 165.0
1161 127.0
1162 126.0
1163 145.0
1164 200.0
1165 194.0
1166 124.0
1167 138.0
1168 57.0
1169 200.0
1170 200.0
1171 140.0
1172 58.0
1173 200.0
1174 68.0
1175 130.0
1176 190.0
1177 122.0
1178 145.0
1179 82.0
1180 200.0
1181 200.0
1182 139.0
1183 36.0
1184 168.0
1185 82.0
1186 200.0
1187 200.0
1188 190.0
1189 191.0
1190 165.0
1191 148.0
1192 127.0
1193 200.0
1194 163.0
1195 97.0
1196 132.0
1197 67.0
1198 31.0
1199 184.0
1200 69.0
1201 166.0
1202 177.0
1203 161.0
1204 116.0
1205 143.0
1206 200.0
1207 157.0
1208 167.0
1209 98.0
1210 32.0
1211 113.0
1212 200.0
1213 103.0
1214 88.0
1215 99.0
1216 200.0
1217 165.0
1218 170.0
1219 77.0
1220 97.0
1221 39.0
1222 200.0
1223 160.0
1224 151.0
1225 114.0
1226 158.0
1227 144.0
1228 86.0
1229 195.0
1230 183.0
1231 200.0
1232 113.0
1233 84.0
1234 44.0
1235 48.0
1236 151.0
1237 176.0
1238 97.0
1239 105.0
1240 200.0
1241 31.0
1242 155.0
1243 173.0
1244 200.0
1245 193.0
1246 47.0
1247 200.0
1248 200.0
1249 200.0
1250 200.0
1251 147.0
1252 152.0
1253 184.0
1254 200.0
1255 99.0
1256 79.0
1257 113.0
1258 47.0
1259 200.0
1260 65.0
1261 47.0
1262 200.0
1263 200.0
1264 129.0
1265 171.0
1266 125.0
1267 156.0
1268 152.0
1269 164.0
1270 200.0
1271 98.0
1272 152.0
1273 125.0
1274 165.0
1275 171.0
1276 200.0
1277 107.0
1278 85.0
1279 200.0
1280 126.0
1281 128.0
1282 141.0
1283 62.0
1284 121.0
1285 200.0
1286 104.0
1287 200.0
1288 154.0
1289 200.0
1290 161.0
1291 153.0
1292 121.0
1293 200.0
1294 103.0
1295 127.0
1296 157.0
1297 134.0
1298 124.0
1299 200.0
1300 178.0
1301 200.0
1302 193.0
1303 189.0
1304 128.0
1305 185.0
1306 101.0
1307 57.0
1308 140.0
1309 200.0
1310 126.0
1311 46.0
1312 129.0
1313 85.0
1314 146.0
1315 184.0
1316 152.0
1317 178.0
1318 147.0
1319 140.0
1320 200.0
1321 188.0
1322 176.0
1323 131.0
1324 84.0
1325 57.0
1326 153.0
1327 39.0
1328 131.0
1329 184.0
1330 199.0
1331 200.0
1332 126.0
1333 132.0
1334 162.0
1335 200.0
1336 143.0
1337 128.0
1338 50.0
1339 143.0
1340 119.0
1341 66.0
1342 68.0
1343 157.0
1344 156.0
1345 200.0
1346 200.0
1347 115.0
1348 55.0
1349 143.0
1350 117.0
1351 74.0
1352 102.0
1353 115.0
1354 200.0
1355 142.0
1356 82.0
1357 142.0
1358 172.0
1359 179.0
1360 85.0
1361 118.0
1362 174.0
1363 143.0
1364 151.0
1365 118.0
1366 113.0
1367 138.0
1368 98.0
1369 133.0
1370 119.0
1371 142.0
1372 77.0
1373 173.0
1374 200.0
1375 119.0
1376 180.0
1377 155.0
1378 135.0
1379 111.0
1380 119.0
1381 64.0
1382 156.0
1383 148.0
1384 77.0
1385 184.0
1386 200.0
1387 186.0
1388 200.0
1389 200.0
1390 159.0
1391 106.0
1392 180.0
1393 146.0
1394 200.0
1395 106.0
1396 105.0
1397 200.0
1398 16.0
1399 99.0
1400 176.0
1401 162.0
1402 135.0
1403 171.0
1404 161.0
1405 200.0
1406 177.0
1407 98.0
1408 119.0
1409 169.0
1410 200.0
1411 154.0
1412 116.0
1413 129.0
1414 179.0
1415 114.0
1416 162.0
1417 155.0
1418 159.0
1419 200.0
1420 200.0
1421 200.0
1422 200.0
1423 86.0
1424 136.0
1425 200.0
1426 200.0
1427 200.0
1428 200.0
1429 200.0
1430 165.0
1431 200.0
1432 198.0
1433 142.0
1434 194.0
1435 200.0
1436 200.0
1437 167.0
1438 172.0
1439 200.0
1440 135.0
1441 191.0
1442 200.0
1443 115.0
1444 83.0
1445 108.0
1446 141.0
1447 200.0
1448 199.0
1449 94.0
1450 200.0
1451 117.0
1452 135.0
1453 200.0
1454 23.0
1455 83.0
1456 138.0
1457 141.0
1458 104.0
1459 200.0
1460 146.0
1461 102.0
1462 134.0
1463 200.0
1464 200.0
1465 193.0
1466 200.0
1467 200.0
1468 200.0
1469 157.0
1470 166.0
1471 156.0
1472 111.0
1473 144.0
1474 112.0
1475 200.0
1476 133.0
1477 99.0
1478 177.0
1479 104.0
1480 200.0
1481 134.0
1482 200.0
1483 115.0
1484 200.0
1485 117.0
1486 200.0
1487 65.0
1488 180.0
1489 144.0
1490 109.0
1491 107.0
1492 105.0
1493 165.0
1494 200.0
1495 150.0
1496 200.0
1497 122.0
1498 124.0
1499 105.0
1500 95.0
1501 193.0
1502 175.0
1503 200.0
1504 134.0
1505 200.0
1506 200.0
1507 156.0
1508 101.0
1509 200.0
1510 100.0
1511 41.0
1512 135.0
1513 168.0
1514 141.0
1515 149.0
1516 75.0
1517 128.0
1518 125.0
1519 200.0
1520 63.0
1521 123.0
1522 173.0
1523 146.0
1524 200.0
1525 200.0
1526 125.0
1527 139.0
1528 157.0
1529 121.0
1530 184.0
1531 200.0
1532 139.0
1533 115.0
1534 200.0
1535 124.0
1536 133.0
1537 171.0
1538 200.0
1539 200.0
1540 92.0
1541 200.0
1542 116.0
1543 135.0
1544 171.0
1545 167.0
1546 150.0
1547 157.0
1548 200.0
1549 128.0
1550 200.0
1551 117.0
1552 135.0
1553 147.0
1554 130.0
1555 123.0
1556 173.0
1557 200.0
1558 200.0
1559 195.0
1560 200.0
1561 155.0
1562 200.0
1563 119.0
1564 200.0
1565 86.0
1566 144.0
1567 151.0
1568 98.0
1569 164.0
1570 200.0
1571 78.0
1572 200.0
1573 200.0
1574 180.0
1575 186.0
1576 140.0
1577 124.0
1578 101.0
1579 200.0
1580 149.0
1581 134.0
1582 125.0
1583 180.0
1584 134.0
1585 118.0
1586 200.0
1587 200.0
1588 200.0
1589 200.0
1590 192.0
1591 200.0
1592 152.0
1593 200.0
1594 111.0
1595 131.0
1596 200.0
1597 200.0
1598 130.0
1599 120.0
1600 128.0
1601 118.0
1602 200.0
1603 200.0
1604 136.0
1605 200.0
1606 138.0
1607 163.0
1608 142.0
1609 156.0
1610 200.0
1611 187.0
1612 120.0
1613 200.0
1614 200.0
1615 149.0
1616 126.0
1617 149.0
1618 176.0
1619 200.0
1620 151.0
1621 200.0
1622 156.0
1623 127.0
1624 109.0
1625 200.0
1626 200.0
1627 136.0
1628 198.0
1629 146.0
1630 33.0
1631 161.0
1632 107.0
1633 200.0
1634 200.0
1635 34.0
1636 140.0
1637 126.0
1638 200.0
1639 173.0
1640 118.0
1641 200.0
1642 200.0
1643 155.0
1644 172.0
1645 174.0
1646 186.0
1647 154.0
1648 200.0
1649 200.0
1650 165.0
1651 200.0
1652 200.0
1653 200.0
1654 200.0
1655 97.0
1656 173.0
1657 130.0
1658 155.0
1659 138.0
1660 200.0
1661 162.0
1662 84.0
1663 200.0
1664 190.0
1665 119.0
1666 166.0
1667 200.0
1668 65.0
1669 200.0
1670 200.0
1671 192.0
1672 119.0
1673 127.0
1674 102.0
1675 103.0
1676 170.0
1677 138.0
1678 200.0
1679 147.0
1680 171.0
1681 188.0
1682 128.0
1683 158.0
1684 106.0
1685 145.0
1686 200.0
1687 121.0
1688 200.0
1689 159.0
1690 175.0
1691 192.0
1692 131.0
1693 200.0
1694 56.0
1695 121.0
1696 200.0
1697 144.0
1698 154.0
1699 135.0
1700 51.0
1701 200.0
1702 133.0
1703 125.0
1704 120.0
1705 192.0
1706 200.0
1707 197.0
1708 147.0
1709 200.0
1710 197.0
1711 129.0
1712 200.0
1713 200.0
1714 36.0
1715 200.0
1716 89.0
1717 200.0
1718 200.0
1719 173.0
1720 132.0
1721 200.0
1722 122.0
1723 196.0
1724 200.0
1725 121.0
1726 171.0
1727 149.0
1728 153.0
1729 200.0
1730 183.0
1731 161.0
1732 139.0
1733 124.0
1734 166.0
1735 200.0
1736 169.0
1737 160.0
1738 156.0
1739 200.0
1740 200.0
1741 200.0
1742 168.0
1743 75.0
1744 90.0
1745 200.0
1746 159.0
1747 200.0
1748 182.0
1749 200.0
1750 112.0
1751 200.0
1752 200.0
1753 159.0
1754 200.0
1755 200.0
1756 200.0
1757 156.0
1758 200.0
1759 183.0
1760 156.0
1761 200.0
1762 50.0
1763 107.0
1764 200.0
1765 200.0
1766 26.0
1767 200.0
1768 91.0
1769 129.0
1770 200.0
1771 87.0
1772 179.0
1773 148.0
1774 121.0
1775 73.0
1776 200.0
1777 168.0
1778 171.0
1779 137.0
1780 200.0
1781 200.0
1782 51.0
1783 110.0
1784 162.0
1785 200.0
1786 133.0
1787 200.0
1788 131.0
1789 200.0
1790 150.0
1791 145.0
1792 181.0
1793 131.0
1794 160.0
1795 132.0
1796 141.0
1797 195.0
1798 144.0
1799 145.0
1800 200.0
1801 162.0
1802 200.0
1803 82.0
1804 99.0
1805 144.0
1806 114.0
1807 143.0
1808 137.0
1809 184.0
1810 159.0
1811 167.0
1812 200.0
1813 42.0
1814 156.0
1815 197.0
1816 200.0
1817 199.0
1818 199.0
1819 117.0
1820 200.0
1821 148.0
1822 200.0
1823 200.0
1824 200.0
1825 200.0
1826 185.0
1827 190.0
1828 137.0
1829 200.0
1830 143.0
1831 200.0
1832 117.0
1833 200.0
1834 200.0
1835 180.0
1836 131.0
1837 200.0
1838 200.0
1839 118.0
1840 200.0
1841 167.0
1842 157.0
1843 173.0
1844 200.0
1845 161.0
1846 113.0
1847 125.0
1848 159.0
1849 157.0
1850 126.0
1851 137.0
1852 200.0
1853 200.0
1854 200.0
1855 171.0
1856 200.0
1857 88.0
1858 151.0
1859 191.0
1860 200.0
1861 200.0
1862 200.0
1863 200.0
1864 200.0
1865 192.0
1866 179.0
1867 200.0
1868 171.0
1869 122.0
1870 200.0
1871 200.0
1872 146.0
1873 200.0
1874 122.0
1875 200.0
1876 191.0
1877 179.0
1878 200.0
1879 66.0
1880 52.0
1881 200.0
1882 200.0
1883 151.0
1884 200.0
1885 192.0
1886 200.0
1887 200.0
1888 106.0
1889 200.0
1890 168.0
1891 145.0
1892 200.0
1893 200.0
1894 130.0
1895 200.0
1896 133.0
1897 165.0
1898 128.0
1899 161.0
1900 128.0
1901 167.0
1902 108.0
1903 200.0
1904 193.0
1905 127.0
1906 200.0
1907 200.0
1908 200.0
1909 174.0
1910 158.0
1911 130.0
1912 200.0
1913 200.0
1914 200.0
1915 179.0
1916 96.0
1917 200.0
1918 133.0
1919 185.0
1920 200.0
1921 156.0
1922 125.0
1923 200.0
1924 182.0
1925 123.0
1926 141.0
1927 136.0
1928 130.0
1929 158.0
1930 133.0
1931 127.0
1932 200.0
1933 165.0
1934 200.0
1935 200.0
1936 112.0
1937 200.0
1938 184.0
1939 200.0
1940 93.0
1941 200.0
1942 200.0
1943 171.0
1944 137.0
1945 185.0
1946 200.0
1947 200.0
1948 169.0
1949 110.0
1950 200.0
1951 164.0
1952 147.0
1953 130.0
1954 119.0
1955 200.0
1956 200.0
1957 137.0
1958 200.0
1959 115.0
1960 154.0
1961 194.0
1962 69.0
1963 200.0
1964 120.0
1965 91.0
1966 105.0
1967 133.0
1968 115.0
1969 200.0
1970 96.0
1971 137.0
1972 169.0
1973 51.0
1974 46.0
1975 134.0
1976 120.0
1977 105.0
1978 139.0
1979 200.0
1980 194.0
1981 56.0
1982 184.0
1983 199.0
1984 193.0
1985 200.0
1986 107.0
1987 200.0
1988 200.0
1989 133.0
1990 144.0
1991 200.0
1992 200.0
1993 134.0
1994 200.0
1995 59.0
1996 129.0
1997 88.0
1998 144.0
1999 122.0
2000 126.0
2001 107.0
2002 200.0
2003 120.0
2004 200.0
2005 131.0
2006 187.0
2007 200.0
2008 122.0
2009 36.0
2010 131.0
2011 193.0
2012 129.0
2013 65.0
2014 200.0
2015 200.0
2016 127.0
2017 200.0
2018 200.0
2019 200.0
2020 126.0
2021 165.0
2022 200.0
2023 186.0
2024 161.0
2025 200.0
2026 86.0
2027 167.0
2028 172.0
2029 106.0
2030 188.0
2031 113.0
2032 200.0
2033 63.0
2034 150.0
2035 192.0
2036 154.0
2037 200.0
2038 165.0
2039 151.0
2040 200.0
2041 142.0
2042 200.0
2043 136.0
2044 200.0
2045 155.0
2046 180.0
2047 145.0
2048 200.0
2049 200.0
2050 144.0
2051 179.0
2052 200.0
2053 200.0
2054 200.0
2055 120.0
2056 111.0
2057 176.0
2058 190.0
2059 121.0
2060 200.0
2061 200.0
2062 200.0
2063 114.0
2064 200.0
2065 130.0
2066 168.0
2067 200.0
2068 118.0
2069 200.0
2070 200.0
2071 121.0
2072 200.0
2073 161.0
2074 165.0
2075 164.0
2076 130.0
2077 156.0
2078 200.0
2079 137.0
2080 72.0
2081 200.0
2082 137.0
2083 169.0
2084 196.0
2085 129.0
2086 117.0
2087 200.0
2088 200.0
2089 200.0
2090 200.0
2091 200.0
2092 200.0
2093 200.0
2094 200.0
2095 200.0
2096 136.0
2097 200.0
2098 200.0
2099 200.0
2100 177.0
2101 200.0
2102 200.0
2103 200.0
2104 67.0
2105 194.0
2106 200.0
2107 120.0
2108 200.0
2109 139.0
2110 100.0
2111 200.0
2112 200.0
2113 126.0
2114 200.0
2115 167.0
2116 148.0
2117 183.0
2118 200.0
2119 200.0
2120 200.0
2121 146.0
2122 200.0
2123 157.0
2124 200.0
2125 23.0
2126 167.0
2127 200.0
2128 166.0
2129 127.0
2130 132.0
2131 200.0
2132 143.0
2133 157.0
2134 166.0
2135 200.0
2136 172.0
2137 130.0
2138 200.0
2139 200.0
2140 63.0
2141 200.0
2142 182.0
2143 71.0
2144 151.0
2145 200.0
2146 126.0
2147 158.0
2148 149.0
2149 198.0
2150 190.0
2151 200.0
2152 200.0
2153 166.0
2154 200.0
2155 150.0
2156 200.0
2157 132.0
2158 61.0
2159 87.0
2160 107.0
2161 200.0
2162 78.0
2163 200.0
2164 179.0
2165 200.0
2166 197.0
2167 200.0
2168 119.0
2169 200.0
2170 150.0
2171 141.0
2172 174.0
2173 175.0
2174 200.0
2175 200.0
2176 159.0
2177 200.0
2178 140.0
2179 132.0
2180 154.0
2181 177.0
2182 200.0
2183 200.0
2184 200.0
2185 156.0
2186 200.0
2187 183.0
2188 162.0
2189 155.0
2190 200.0
2191 189.0
2192 69.0
2193 135.0
2194 158.0
2195 179.0
2196 200.0
2197 157.0
2198 154.0
2199 128.0
2200 200.0
2201 200.0
2202 200.0
2203 178.0
2204 200.0
2205 180.0
2206 200.0
2207 200.0
2208 180.0
2209 174.0
2210 200.0
2211 200.0
2212 200.0
2213 200.0
2214 200.0
2215 133.0
2216 125.0
2217 167.0
2218 168.0
2219 200.0
2220 200.0
2221 200.0
2222 85.0
2223 182.0
2224 174.0
2225 181.0
2226 172.0
2227 126.0
2228 200.0
2229 200.0
2230 200.0
2231 160.0
2232 200.0
2233 189.0
2234 151.0
2235 173.0
2236 131.0
2237 200.0
2238 200.0
2239 200.0
2240 200.0
2241 200.0
2242 200.0
2243 179.0
2244 162.0
2245 150.0
2246 200.0
2247 200.0
2248 123.0
2249 148.0
2250 200.0
2251 200.0
2252 176.0
2253 200.0
2254 200.0
2255 189.0
2256 200.0
2257 200.0
2258 200.0
2259 152.0
2260 121.0
2261 200.0
2262 171.0
2263 196.0
2264 200.0
2265 200.0
2266 139.0
2267 200.0
2268 107.0
2269 120.0
2270 200.0
2271 198.0
2272 200.0
2273 52.0
2274 200.0
2275 200.0
2276 187.0
2277 200.0
2278 200.0
2279 200.0
2280 200.0
2281 166.0
2282 153.0
2283 200.0
2284 200.0
2285 147.0
2286 200.0
2287 200.0
2288 200.0
2289 200.0
2290 191.0
2291 45.0
2292 200.0
2293 149.0
2294 154.0
2295 100.0
2296 41.0
2297 153.0
2298 160.0
2299 200.0
2300 49.0
2301 200.0
2302 163.0
2303 200.0
2304 200.0
2305 200.0
2306 93.0
2307 141.0
2308 120.0
2309 137.0
2310 157.0
2311 77.0
2312 200.0
2313 200.0
2314 200.0
2315 200.0
2316 136.0
2317 131.0
2318 200.0
2319 200.0
2320 200.0
2321 200.0
2322 200.0
2323 181.0
2324 157.0
2325 167.0
2326 200.0
2327 200.0
2328 200.0
2329 165.0
2330 200.0
2331 200.0
2332 200.0
2333 200.0
2334 200.0
2335 115.0
2336 117.0
2337 200.0
2338 200.0
2339 200.0
2340 164.0
2341 200.0
2342 126.0
2343 200.0
2344 138.0
2345 200.0
2346 142.0
2347 173.0
2348 200.0
2349 146.0
2350 138.0
2351 158.0
2352 200.0
2353 163.0
2354 200.0
2355 200.0
2356 200.0
2357 200.0
2358 167.0
2359 199.0
2360 200.0
2361 200.0
2362 200.0
2363 200.0
2364 200.0
2365 200.0
2366 89.0
2367 200.0
2368 200.0
2369 200.0
2370 200.0
2371 200.0
2372 158.0
2373 139.0
2374 200.0
2375 200.0
2376 84.0
2377 200.0
2378 102.0
2379 168.0
2380 200.0
2381 200.0
2382 177.0
2383 200.0
2384 200.0
2385 200.0
2386 189.0
2387 180.0
2388 200.0
2389 200.0
2390 200.0
2391 200.0
2392 176.0
2393 181.0
2394 200.0
2395 149.0
2396 200.0
2397 200.0
2398 148.0
2399 139.0
2400 200.0
2401 200.0
2402 200.0
2403 200.0
2404 200.0
2405 163.0
2406 200.0
2407 150.0
2408 146.0
2409 200.0
2410 200.0
2411 113.0
2412 144.0
2413 200.0
2414 200.0
2415 26.0
2416 200.0
2417 200.0
2418 157.0
2419 90.0
2420 200.0
2421 143.0
2422 200.0
2423 190.0
2424 200.0
2425 200.0
2426 169.0
2427 200.0
2428 200.0
2429 200.0
2430 126.0
2431 134.0
2432 148.0
2433 200.0
2434 200.0
2435 183.0
2436 131.0
2437 200.0
2438 200.0
2439 200.0
2440 109.0
2441 142.0
2442 124.0
2443 154.0
2444 200.0
2445 160.0
2446 200.0
2447 154.0
2448 137.0
2449 200.0
2450 200.0
2451 200.0
2452 174.0
2453 200.0
2454 200.0
2455 200.0
2456 200.0
2457 139.0
2458 200.0
2459 200.0
2460 110.0
2461 200.0
2462 200.0
2463 200.0
2464 163.0
2465 133.0
2466 200.0
2467 200.0
2468 200.0
2469 127.0
2470 200.0
2471 200.0
2472 113.0
2473 200.0
2474 200.0
2475 200.0
2476 134.0
2477 200.0
2478 200.0
2479 200.0
2480 200.0
2481 200.0
2482 200.0
2483 200.0
2484 200.0
2485 143.0
2486 145.0
2487 200.0
2488 200.0
2489 200.0
2490 200.0
2491 200.0
2492 200.0
2493 200.0
2494 130.0
2495 200.0
2496 200.0
2497 176.0
2498 200.0
2499 200.0
2500 200.0
2501 160.0
2502 200.0
2503 200.0
2504 200.0
2505 168.0
2506 109.0
2507 200.0
2508 200.0
2509 200.0
2510 192.0
2511 200.0
2512 100.0
2513 187.0
2514 130.0
2515 165.0
2516 200.0
2517 200.0
2518 200.0
2519 108.0
2520 200.0
2521 200.0
2522 193.0
2523 80.0
2524 198.0
2525 61.0
2526 200.0
2527 153.0
2528 77.0
2529 200.0
2530 200.0
2531 200.0
2532 161.0
2533 200.0
2534 200.0
2535 200.0
2536 52.0
2537 200.0
2538 200.0
2539 157.0
2540 200.0
2541 139.0
2542 111.0
2543 200.0
2544 200.0
2545 200.0
2546 200.0
2547 106.0
2548 115.0
2549 200.0
2550 200.0
2551 185.0
2552 200.0
2553 200.0
2554 200.0
2555 147.0
2556 200.0
2557 200.0
2558 200.0
2559 200.0
2560 140.0
2561 200.0
2562 198.0
2563 130.0
2564 164.0
2565 156.0
2566 200.0
2567 26.0
2568 200.0
2569 200.0
2570 200.0
2571 200.0
2572 157.0
2573 175.0
2574 163.0
2575 146.0
2576 200.0
2577 200.0
2578 131.0
2579 200.0
2580 200.0
2581 200.0
2582 200.0
2583 135.0
2584 200.0
2585 192.0
2586 200.0
2587 200.0
2588 200.0
2589 77.0
2590 176.0
2591 121.0
2592 167.0
2593 158.0
2594 200.0
2595 200.0
2596 131.0
2597 200.0
2598 161.0
2599 200.0
2600 129.0
2601 101.0
2602 152.0
2603 164.0
2604 137.0
2605 126.0
2606 102.0
2607 200.0
2608 200.0
2609 199.0
2610 200.0
2611 183.0
2612 195.0
2613 200.0
2614 149.0
2615 200.0
2616 200.0
2617 172.0
2618 180.0
2619 200.0
2620 200.0
2621 156.0
2622 152.0
2623 200.0
2624 185.0
2625 147.0
2626 200.0
2627 200.0
2628 185.0
2629 200.0
2630 173.0
2631 200.0
2632 145.0
2633 200.0
2634 200.0
2635 200.0
2636 152.0
2637 161.0
2638 200.0
2639 105.0
2640 200.0
2641 123.0
2642 200.0
2643 36.0
2644 179.0
2645 200.0
2646 200.0
2647 113.0
2648 200.0
2649 135.0
2650 200.0
2651 200.0
2652 200.0
2653 192.0
2654 200.0
2655 200.0
2656 200.0
2657 175.0
2658 200.0
2659 200.0
2660 200.0
2661 200.0
2662 111.0
2663 128.0
2664 159.0
2665 175.0
2666 163.0
2667 175.0
2668 125.0
2669 200.0
2670 127.0
2671 200.0
2672 200.0
2673 42.0
2674 200.0
2675 148.0
2676 143.0
2677 191.0
2678 200.0
2679 185.0
2680 127.0
2681 107.0
2682 200.0
2683 200.0
2684 200.0
2685 182.0
2686 107.0
2687 164.0
2688 78.0
2689 115.0
2690 154.0
2691 142.0
2692 156.0
2693 200.0
2694 200.0
2695 200.0
2696 141.0
2697 130.0
2698 200.0
2699 151.0
2700 148.0
2701 200.0
2702 58.0
2703 200.0
2704 152.0
2705 200.0
2706 178.0
2707 115.0
2708 120.0
2709 177.0
2710 114.0
2711 189.0
2712 200.0
2713 129.0
2714 200.0
2715 142.0
2716 200.0
2717 200.0
2718 193.0
2719 84.0
2720 200.0
2721 200.0
2722 200.0
2723 200.0
2724 200.0
2725 200.0
2726 115.0
2727 157.0
2728 200.0
2729 200.0
2730 178.0
2731 200.0
2732 200.0
2733 159.0
2734 200.0
2735 200.0
2736 110.0
2737 197.0
2738 200.0
2739 200.0
2740 136.0
2741 162.0
2742 137.0
2743 200.0
2744 95.0
2745 196.0
2746 158.0
2747 178.0
2748 200.0
2749 200.0
2750 200.0
2751 200.0
2752 165.0
2753 200.0
2754 110.0
2755 200.0
2756 200.0
2757 200.0
2758 182.0
2759 200.0
2760 58.0
2761 132.0
2762 200.0
2763 200.0
2764 200.0
2765 200.0
2766 150.0
2767 200.0
2768 199.0
2769 171.0
2770 200.0
2771 200.0
2772 133.0
2773 200.0
2774 198.0
2775 200.0
2776 200.0
2777 200.0
2778 200.0
2779 197.0
2780 155.0
2781 200.0
2782 120.0
2783 200.0
2784 200.0
2785 142.0
2786 127.0
2787 137.0
2788 128.0
2789 192.0
2790 157.0
2791 200.0
2792 200.0
2793 137.0
2794 200.0
2795 121.0
2796 192.0
2797 200.0
2798 200.0
2799 36.0
2800 80.0
2801 191.0
2802 200.0
2803 192.0
2804 126.0
2805 200.0
2806 153.0
2807 145.0
2808 150.0
2809 200.0
2810 179.0
2811 200.0
2812 123.0
2813 200.0
2814 200.0
2815 171.0
2816 158.0
2817 57.0
2818 176.0
2819 200.0
2820 121.0
2821 157.0
2822 191.0
2823 200.0
2824 150.0
2825 116.0
2826 200.0
2827 200.0
2828 130.0
2829 200.0
2830 166.0
2831 144.0
2832 200.0
2833 44.0
2834 121.0
2835 200.0
2836 200.0
2837 115.0
2838 200.0
2839 109.0
2840 200.0
2841 200.0
2842 124.0
2843 157.0
2844 142.0
2845 114.0
2846 200.0
2847 159.0
2848 110.0
2849 200.0
2850 200.0
2851 179.0
2852 200.0
2853 185.0
2854 147.0
2855 200.0
2856 184.0
2857 162.0
2858 180.0
2859 134.0
2860 200.0
2861 111.0
2862 125.0
2863 126.0
2864 200.0
2865 200.0
2866 135.0
2867 200.0
2868 200.0
2869 200.0
2870 139.0
2871 162.0
2872 143.0
2873 200.0
2874 200.0
2875 200.0
2876 200.0
2877 200.0
2878 200.0
2879 125.0
2880 200.0
2881 152.0
2882 176.0
2883 151.0
2884 172.0
2885 200.0
2886 170.0
2887 200.0
2888 174.0
2889 200.0
2890 200.0
2891 49.0
2892 200.0
2893 148.0
2894 200.0
2895 165.0
2896 200.0
2897 200.0
2898 200.0
2899 200.0
2900 163.0
2901 200.0
2902 200.0
2903 200.0
2904 200.0
2905 162.0
2906 200.0
2907 200.0
2908 200.0
2909 131.0
2910 94.0
2911 200.0
2912 200.0
2913 117.0
2914 200.0
2915 143.0
2916 200.0
2917 200.0
2918 200.0
2919 198.0
2920 180.0
2921 200.0
2922 127.0
2923 200.0
2924 200.0
2925 200.0
2926 200.0
2927 200.0
2928 54.0
2929 200.0
2930 200.0
2931 121.0
2932 200.0
2933 163.0
2934 200.0
2935 106.0
2936 200.0
2937 200.0
2938 200.0
2939 200.0
2940 200.0
2941 141.0
2942 200.0
2943 200.0
2944 186.0
2945 190.0
2946 184.0
2947 103.0
2948 200.0
2949 145.0
2950 126.0
2951 200.0
2952 171.0
2953 200.0
2954 200.0
2955 200.0
2956 200.0
2957 200.0
2958 200.0
2959 200.0
2960 200.0
2961 149.0
2962 200.0
2963 200.0
2964 200.0
2965 193.0
2966 142.0
2967 145.0
2968 200.0
2969 166.0
2970 51.0
2971 200.0
2972 200.0
2973 144.0
2974 200.0
2975 200.0
2976 200.0
2977 200.0
2978 200.0
2979 200.0
2980 136.0
2981 181.0
2982 200.0
2983 200.0
2984 200.0
2985 130.0
2986 200.0
2987 200.0
2988 197.0
2989 200.0
2990 200.0
2991 157.0
2992 200.0
2993 142.0
2994 200.0
2995 144.0
2996 180.0
2997 200.0
2998 200.0
2999 200.0
3000 176.0
3001 200.0
3002 184.0
3003 200.0
3004 200.0
3005 111.0
3006 140.0
3007 200.0
3008 149.0
3009 122.0
3010 193.0
3011 158.0
3012 200.0
3013 200.0
3014 62.0
3015 179.0
3016 181.0
3017 200.0
3018 140.0
3019 136.0
3020 200.0
3021 136.0
3022 176.0
3023 150.0
3024 200.0
3025 200.0
3026 200.0
3027 200.0
3028 200.0
3029 61.0
3030 200.0
3031 200.0
3032 129.0
3033 179.0
3034 200.0
3035 168.0
3036 190.0
3037 200.0
3038 25.0
3039 121.0
3040 200.0
3041 183.0
3042 200.0
3043 200.0
3044 200.0
3045 200.0
3046 177.0
3047 200.0
3048 200.0
3049 160.0
3050 98.0
3051 149.0
3052 200.0
3053 200.0
3054 66.0
3055 101.0
3056 200.0
3057 108.0
3058 200.0
3059 158.0
3060 200.0
3061 153.0
3062 200.0
3063 157.0
3064 109.0
3065 177.0
3066 200.0
3067 157.0
3068 200.0
3069 200.0
3070 189.0
3071 136.0
3072 200.0
3073 200.0
3074 200.0
3075 161.0
3076 200.0
3077 200.0
3078 200.0
3079 200.0
3080 200.0
3081 200.0
3082 156.0
3083 183.0
3084 173.0
3085 200.0
3086 200.0
3087 200.0
3088 200.0
3089 200.0
3090 186.0
3091 200.0
3092 200.0
3093 188.0
3094 200.0
3095 161.0
3096 192.0
3097 200.0
3098 160.0
3099 200.0
3100 113.0
3101 160.0
3102 200.0
3103 200.0
3104 140.0
3105 174.0
3106 200.0
3107 172.0
3108 42.0
3109 200.0
3110 200.0
3111 200.0
3112 200.0
3113 170.0
3114 200.0
3115 132.0
3116 200.0
3117 126.0
3118 200.0
3119 200.0
3120 145.0
3121 139.0
3122 200.0
3123 153.0
3124 186.0
3125 200.0
3126 200.0
3127 130.0
3128 129.0
3129 200.0
3130 200.0
3131 200.0
3132 200.0
3133 200.0
3134 200.0
3135 200.0
3136 200.0
3137 200.0
3138 200.0
3139 200.0
3140 170.0
3141 200.0
3142 200.0
3143 124.0
3144 178.0
3145 137.0
3146 200.0
3147 200.0
3148 200.0
3149 200.0
3150 200.0
3151 149.0
3152 150.0
3153 200.0
3154 154.0
3155 199.0
3156 200.0
3157 141.0
3158 138.0
3159 200.0
3160 200.0
3161 134.0
3162 158.0
3163 178.0
3164 158.0
3165 200.0
3166 200.0
3167 200.0
3168 200.0
3169 200.0
3170 200.0
3171 158.0
3172 200.0
3173 200.0
3174 182.0
3175 108.0
3176 200.0
3177 136.0
3178 117.0
3179 200.0
3180 200.0
3181 200.0
3182 200.0
3183 200.0
3184 200.0
3185 135.0
3186 176.0
3187 156.0
3188 200.0
3189 110.0
3190 200.0
3191 200.0
3192 139.0
3193 200.0
3194 152.0
3195 150.0
3196 191.0
3197 200.0
3198 200.0
3199 157.0
3200 200.0
3201 200.0
3202 200.0
3203 200.0
3204 188.0
3205 191.0
3206 128.0
3207 98.0
3208 200.0
3209 126.0
3210 196.0
3211 195.0
3212 200.0
3213 122.0
3214 169.0
3215 114.0
3216 187.0
3217 200.0
3218 138.0
3219 143.0
3220 147.0
3221 183.0
3222 200.0
3223 137.0
3224 163.0
3225 160.0
3226 113.0
3227 200.0
3228 183.0
3229 126.0
3230 154.0
3231 200.0
3232 62.0
3233 200.0
3234 135.0
3235 200.0
3236 200.0
3237 200.0
3238 132.0
3239 200.0
3240 144.0
3241 158.0
3242 162.0
3243 145.0
3244 200.0
3245 141.0
3246 188.0
3247 197.0
3248 154.0
3249 200.0
3250 144.0
3251 200.0
3252 200.0
3253 171.0
3254 146.0
3255 72.0
3256 116.0
3257 200.0
3258 176.0
3259 109.0
3260 145.0
3261 200.0
3262 200.0
3263 200.0
3264 125.0
3265 102.0
3266 122.0
3267 185.0
3268 144.0
3269 86.0
3270 200.0
3271 152.0
3272 123.0
3273 92.0
3274 141.0
3275 200.0
3276 51.0
3277 122.0
3278 126.0
3279 127.0
3280 118.0
3281 178.0
3282 198.0
3283 153.0
3284 166.0
3285 120.0
3286 163.0
3287 143.0
3288 131.0
3289 196.0
3290 200.0
3291 197.0
3292 200.0
3293 137.0
3294 99.0
3295 117.0
3296 180.0
3297 136.0
3298 135.0
3299 195.0
3300 180.0
3301 154.0
3302 185.0
3303 200.0
3304 200.0
3305 171.0
3306 200.0
3307 188.0
3308 157.0
3309 162.0
3310 200.0
3311 117.0
3312 133.0
3313 126.0
3314 200.0
3315 100.0
3316 200.0
3317 129.0
3318 200.0
3319 173.0
3320 82.0
3321 128.0
3322 125.0
3323 165.0
3324 120.0
3325 200.0
3326 102.0
3327 151.0
3328 126.0
3329 40.0
3330 120.0
3331 138.0
3332 200.0
3333 200.0
3334 156.0
3335 148.0
3336 105.0
3337 200.0
3338 122.0
3339 151.0
3340 200.0
3341 69.0
3342 200.0
3343 139.0
3344 112.0
3345 193.0
3346 138.0
3347 200.0
3348 151.0
3349 200.0
3350 166.0
3351 200.0
3352 200.0
3353 144.0
3354 110.0
3355 200.0
3356 143.0
3357 192.0
3358 151.0
3359 200.0
3360 200.0
3361 122.0
3362 141.0
3363 166.0
3364 112.0
3365 129.0
3366 168.0
3367 96.0
3368 134.0
3369 167.0
3370 129.0
3371 137.0
3372 175.0
