1 5
2 6
3 62
4 50
5 37
6 26
7 7
8 14
9 7
10 45
11 7
12 9
13 3
14 6
15 5
16 48
17 11
18 8
19 11
20 47
21 30
22 22
23 10
24 29
25 38
26 11
27 8
28 34
29 39
30 10
31 24
32 25
33 8
34 28
35 40
36 12
37 29
38 47
39 14
40 23
41 44
42 7
43 10
44 15
45 20
46 20
47 26
48 9
49 14
50 9
51 17
52 5
53 19
54 34
55 31
56 25
57 20
58 27
59 26
60 29
61 10
62 5
63 7
64 56
65 29
66 20
67 31
68 5
69 7
70 33
71 19
72 31
73 8
74 6
75 16
76 29
77 14
78 9
79 10
80 18
81 29
82 10
83 8
84 3
85 21
86 4
87 3
88 25
89 6
90 5
91 28
92 30
93 29
94 8
95 16
96 10
97 25
98 5
99 30
100 43
101 27
102 45
103 8
104 13
105 15
106 36
107 11
108 10
109 28
110 27
111 9
112 3
113 29
114 7
115 5
116 14
117 36
118 24
119 8
120 7
121 15
122 27
123 26
124 41
125 31
126 15
127 15
128 6
129 14
130 49
131 22
132 38
133 38
134 21
135 11
136 22
137 6
138 22
139 15
140 10
141 11
142 8
143 22
144 17
145 45
146 25
147 31
148 5
149 4
150 32
151 35
152 38
153 11
154 16
155 18
156 15
157 3
158 6
159 27
160 19
161 7
162 33
163 14
164 20
165 8
166 52
167 8
168 40
169 8
170 15
171 17
172 21
173 16
174 4
175 7
176 6
177 9
178 14
179 14
180 16
181 9
182 30
183 10
184 33
185 10
186 8
187 3
188 9
189 20
190 25
191 6
192 14
193 47
194 3
195 26
196 17
197 9
198 4
199 7
200 4
201 4
202 13
203 21
204 7
205 27
206 4
207 14
208 11
209 18
210 3
211 14
212 3
213 42
214 29
215 19
216 12
217 13
218 17
219 122
220 3
221 35
222 12
223 24
224 61
225 54
226 12
227 9
228 25
229 13
230 43
231 24
232 59
233 19
234 5
235 39
236 7
237 15
238 3
239 5
240 8
241 17
242 10
243 16
244 3
245 8
246 10
247 19
248 21
249 20
250 7
251 27
252 26
253 15
254 10
255 8
256 9
257 7
258 48
259 6
260 8
261 8
262 5
263 5
264 27
265 24
266 5
267 19
268 4
269 18
270 8
271 14
272 6
273 24
274 19
275 9
276 29
277 17
278 3
279 5
280 6
281 36
282 50
283 9
284 20
285 5
286 3
287 27
288 10
289 14
290 68
291 18
292 18
293 47
294 15
295 40
296 26
297 44
298 7
299 5
300 11
301 17
302 17
303 3
304 5
305 8
306 11
307 47
308 3
309 14
310 7
311 18
312 6
313 39
314 25
315 18
316 23
317 7
318 12
319 15
320 18
321 6
322 10
323 23
324 13
325 7
326 14
327 3
328 10
329 9
330 14
331 5
332 19
333 25
334 10
335 7
336 39
337 33
338 14
339 26
340 4
341 17
342 6
343 11
344 12
345 9
346 6
347 22
348 8
349 24
350 18
351 4
352 15
353 38
354 53
355 43
356 12
357 28
358 16
359 11
360 4
361 8
362 3
363 7
364 18
365 11
366 7
367 18
368 14
369 4
370 4
371 11
372 6
373 4
374 14
375 11
376 11
377 25
378 23
379 13
380 8
381 25
382 11
383 3
384 5
385 5
386 13
387 18
388 9
389 35
390 19
391 7
392 7
393 5
394 5
395 14
396 12
397 5
398 14
399 4
400 7
401 5
402 9
403 3
404 13
405 13
406 7
407 5
408 14
409 5
410 8
411 6
412 15
413 9
414 17
415 7
416 23
417 27
418 15
419 9
420 9
421 8
422 3
423 11
424 16
425 4
426 7
427 12
428 3
429 6
430 11
431 65
432 10
433 5
434 6
435 6
436 11
437 15
438 10
439 3
440 21
441 11
442 33
443 17
444 4
445 6
446 8
447 11
448 4
449 5
450 33
451 5
452 4
453 19
454 11
455 5
456 7
457 9
458 7
459 10
460 9
461 10
462 17
463 7
464 5
465 19
466 7
467 23
468 9
469 9
470 3
471 9
472 7
473 5
474 9
475 9
476 6
477 7
478 12
479 4
480 11
481 9
482 10
483 7
484 17
485 3
486 14
487 10
488 29
489 8
490 12
491 21
492 3
493 10
494 15
495 5
496 9
497 10
498 4
499 4
500 4
501 4
502 7
503 11
504 8
505 5
506 5
507 22
508 3
509 7
510 4
511 10
512 9
513 6
514 17
515 23
516 12
517 12
518 9
519 10
520 3
521 10
522 17
523 7
524 7
525 28
526 21
527 14
528 8
529 3
530 7
531 19
532 5
533 18
534 9
535 7
536 15
537 5
538 6
539 9
540 5
541 6
542 20
543 7
544 11
545 7
546 8
547 10
548 17
549 5
550 11
551 8
552 3
553 5
554 4
555 4
556 10
557 15
558 5
559 17
560 19
561 10
562 7
563 7
564 9
565 14
566 11
567 6
568 3
569 6
570 11
571 3
572 11
573 11
574 6
575 29
576 33
577 5
578 13
579 21
580 8
581 5
582 3
583 8
584 16
585 20
586 22
587 4
588 11
589 6
590 3
591 9
592 3
593 4
594 14
595 3
596 6
597 6
598 5
599 3
600 15
601 4
602 11
603 9
604 8
605 3
606 6
607 7
608 3
609 3
610 20
611 6
612 19
613 7
614 15
615 5
616 19
617 14
618 10
619 14
620 3
621 11
622 15
623 3
624 8
625 18
626 9
627 4
628 15
629 16
630 3
631 18
632 6
633 6
634 6
635 13
636 3
637 5
638 4
639 54
640 6
641 22
642 5
643 7
644 6
645 5
646 11
647 14
648 8
649 16
650 5
651 7
652 5
653 15
654 9
655 8
656 7
657 14
658 16
659 6
660 15
661 9
662 3
663 8
664 7
665 5
666 9
667 8
668 6
669 6
670 5
671 3
672 28
673 3
674 3
675 9
676 7
677 5
678 5
679 8
680 16
681 7
682 8
683 14
684 6
685 5
686 16
687 5
688 7
689 6
690 6
691 18
692 12
693 9
694 3
695 4
696 39
697 9
698 10
699 4
700 4
701 3
702 16
703 8
704 18
705 5
706 7
707 12
708 10
709 5
710 6
711 9
712 27
713 6
714 7
715 10
716 8
717 9
718 4
719 5
720 5
721 7
722 9
723 15
724 3
725 5
726 21
727 5
728 15
729 3
730 7
731 9
732 10
733 3
734 10
735 12
736 5
737 3
738 10
739 7
740 3
741 13
742 8
743 7
744 4
745 10
746 4
747 10
748 23
749 4
750 3
751 8
752 7
753 7
754 20
755 7
756 6
757 3
758 13
759 5
760 5
761 30
762 12
763 6
764 12
765 12
766 20
767 11
768 7
769 5
770 3
771 4
772 3
773 11
774 11
775 3
776 3
777 7
778 4
779 9
780 3
781 22
782 3
783 6
784 7
785 4
786 3
787 3
788 8
789 3
790 6
791 5
792 3
793 5
794 11
795 26
796 5
797 8
798 4
799 6
800 18
801 13
802 5
803 4
804 24
805 9
806 5
807 5
808 3
809 48
810 5
811 5
812 6
813 3
814 5
815 4
816 27
817 4
818 17
819 3
820 13
821 5
822 3
823 4
824 8
825 5
826 4
827 10
828 7
829 22
830 3
831 5
832 11
833 11
834 7
835 10
836 7
837 5
838 17
839 10
840 8
841 3
842 7
843 24
844 3
845 9
846 3
847 4
848 16
849 16
850 8
851 8
852 17
853 17
854 4
855 7
856 5
857 9
858 5
859 9
860 5
861 4
862 4
863 6
864 7
865 5
866 7
867 14
868 7
869 6
870 4
871 3
872 7
873 3
874 11
875 4
876 8
877 7
878 4
879 9
880 12
881 7
882 8
883 5
884 4
885 9
886 4
887 5
888 3
889 6
890 4
891 15
892 4
893 8
894 4
895 15
896 4
897 3
898 21
899 9
900 9
901 3
902 3
903 15
904 7
905 23
906 3
907 3
908 6
909 3
910 7
911 7
912 11
913 11
914 4
915 40
916 5
917 7
918 7
919 4
920 6
921 5
922 4
923 5
924 7
925 6
926 3
927 7
928 9
929 7
930 8
931 9
932 4
933 5
934 5
935 5
936 7
937 7
938 3
939 6
940 5
941 14
942 3
943 4
944 6
945 5
946 3
947 3
948 4
949 3
950 13
951 7
952 5
953 3
954 5
955 6
956 10
957 3
958 5
959 7
960 13
961 4
962 3
963 9
964 6
965 4
966 4
967 5
968 17
969 6
970 5
971 3
972 14
973 7
974 10
975 12
976 8
977 7
978 5
979 3
980 6
981 8
982 11
983 4
984 12
985 3
986 30
987 8
988 5
989 11
990 8
991 3
992 4
993 13
994 3
995 9
996 3
997 7
998 14
999 24
1000 8
1001 11
1002 3
1003 3
1004 5
1005 25
1006 14
1007 4
1008 4
1009 3
1010 7
1011 5
1012 10
1013 5
1014 7
1015 6
1016 3
1017 10
1018 22
1019 3
1020 5
1021 5
1022 3
1023 5
1024 13
1025 13
1026 16
1027 3
1028 5
1029 3
1030 3
1031 5
1032 8
1033 5
1034 24
1035 4
1036 40
1037 9
1038 7
1039 8
1040 7
1041 8
1042 3
1043 7
1044 7
1045 11
1046 7
1047 4
1048 5
1049 3
1050 8
1051 8
1052 3
1053 3
1054 10
1055 3
1056 4
1057 3
1058 3
1059 7
1060 4
1061 3
1062 6
1063 13
1064 27
1065 3
1066 5
1067 7
1068 4
1069 16
1070 3
1071 4
1072 5
1073 7
1074 5
1075 5
1076 13
1077 3
1078 3
1079 11
1080 11
1081 9
1082 5
1083 3
1084 4
1085 3
1086 17
1087 7
1088 7
1089 5
1090 5
1091 3
1092 15
1093 4
1094 3
1095 5
1096 3
1097 6
1098 5
1099 3
1100 6
1101 13
1102 3
1103 5
1104 4
1105 9
1106 3
1107 3
1108 5
1109 13
1110 14
1111 5
1112 7
1113 10
1114 4
1115 4
1116 4
1117 10
1118 3
1119 7
1120 4
1121 12
1122 3
1123 6
1124 3
1125 6
1126 3
1127 5
1128 5
1129 7
1130 5
1131 7
1132 5
1133 4
1134 5
1135 3
1136 5
1137 5
1138 3
1139 3
1140 3
1141 6
1142 7
1143 3
1144 4
1145 5
1146 3
1147 4
1148 5
1149 5
1150 6
1151 3
1152 8
1153 5
1154 12
1155 3
1156 5
1157 3
1158 5
1159 6
1160 5
1161 3
1162 13
1163 5
1164 5
1165 5
1166 8
1167 3
1168 5
1169 3
1170 3
1171 3
1172 3
1173 11
1174 7
1175 7
1176 9
1177 18
1178 3
1179 4
1180 3
1181 3
1182 3
1183 6
1184 6
1185 41
1186 7
1187 4
1188 3
1189 12
1190 3
1191 5
1192 6
1193 4
1194 5
1195 6
1196 21
1197 4
1198 7
1199 5
1200 7
1201 3
1202 3
1203 3
1204 6
1205 3
1206 3
1207 13
1208 7
1209 4
1210 5
1211 3
1212 3
1213 6
1214 7
1215 4
1216 6
1217 3
1218 5
1219 5
1220 9
1221 3
1222 5
1223 5
1224 3
1225 12
1226 4
1227 7
1228 4
1229 7
1230 3
1231 3
1232 7
1233 3
1234 5
1235 7
1236 3
1237 5
1238 4
1239 11
1240 3
1241 3
1242 4
1243 3
1244 10
1245 3
1246 11
1247 23
1248 3
1249 5
1250 5
1251 3
1252 3
1253 3
1254 4
1255 6
1256 11
1257 3
1258 3
1259 3
1260 3
1261 3
1262 3
1263 6
1264 3
1265 3
1266 3
1267 3
1268 7
1269 3
1270 5
1271 4
1272 4
1273 6
1274 3
1275 8
1276 3
1277 4
1278 5
1279 5
1280 3
1281 13
1282 3
1283 14
1284 4
1285 6
1286 3
1287 3
1288 8
1289 11
1290 5
1291 3
1292 3
1293 3
1294 4
1295 4
1296 5
1297 3
1298 3
1299 3
1300 3
1301 5
1302 4
1303 3
1304 3
1305 7
1306 6
1307 6
1308 4
1309 10
1310 5
1311 5
1312 5
1313 3
1314 3
1315 3
1316 3
1317 3
1318 5
1319 3
1320 4
1321 5
1322 3
1323 3
1324 7
1325 3
1326 5
1327 3
1328 3
1329 4
1330 7
1331 4
1332 3
1333 7
1334 11
1335 4
1336 3
1337 5
1338 3
1339 5
1340 5
1341 10
1342 9
1343 3
1344 3
1345 10
1346 3
1347 7
1348 3
1349 3
1350 7
1351 9
1352 3
1353 3
1354 3
1355 5
1356 3
1357 5
1358 6
1359 5
1360 7
1361 3
1362 4
1363 5
1364 7
1365 3
1366 8
1367 22
1368 7
1369 5
1370 15
1371 3
1372 3
1373 3
1374 5
1375 11
1376 8
1377 3
1378 3
1379 6
1380 7
1381 3
1382 3
1383 3
1384 3
1385 5
1386 6
1387 3
1388 5
1389 3
1390 3
1391 3
1392 3
1393 3
1394 7
1395 3
1396 5
1397 4
1398 5
1399 3
1400 5
1401 3
1402 6
1403 5
1404 9
1405 3
1406 3
1407 3
1408 8
1409 5
1410 3
1411 5
1412 3
1413 4
1414 7
1415 3
1416 7
1417 3
1418 15
1419 13
1420 13
1421 7
1422 3
1423 5
1424 7
1425 3
1426 8
1427 3
1428 3
1429 6
1430 5
1431 3
1432 5
1433 3
1434 6
1435 3
1436 11
1437 3
1438 6
1439 7
1440 3
1441 5
1442 4
1443 3
1444 3
1445 3
1446 3
1447 3
1448 7
1449 3
1450 3
1451 3
1452 8
1453 15
1454 3
1455 4
1456 11
1457 3
1458 4
1459 3
1460 3
1461 3
1462 3
1463 5
1464 3
1465 3
1466 4
1467 3
1468 8
1469 6
1470 3
1471 3
1472 3
1473 3
1474 3
1475 3
1476 7
1477 4
1478 4
1479 4
1480 5
1481 3
1482 3
1483 5
1484 7
1485 6
1486 5
1487 3
1488 5
1489 7
1490 5
1491 5
1492 5
1493 5
1494 3
1495 3
1496 4
1497 5
1498 5
1499 3
1500 3
1501 5
1502 3
1503 3
1504 4
1505 6
1506 3
1507 5
1508 8
1509 3
1510 6
1511 3
1512 3
1513 3
1514 3
1515 8
1516 3
1517 3
1518 3
1519 3
1520 6
1521 5
1522 5
1523 3
1524 5
1525 5
1526 4
1527 4
1528 6
1529 4
1530 3
1531 4
1532 5
1533 3
1534 3
1535 3
1536 6
1537 3
1538 5
1539 3
1540 4
1541 3
1542 4
1543 4
1544 3
1545 3
1546 3
1547 10
1548 4
1549 5
1550 5
1551 3
1552 3
1553 3
1554 5
1555 7
1556 5
1557 4
1558 6
1559 3
1560 3
1561 8
1562 3
1563 3
1564 3
1565 4
1566 3
1567 3
1568 3
1569 3
1570 4
1571 9
1572 9
1573 6
1574 9
1575 3
1576 4
1577 4
1578 4
1579 3
1580 3
1581 3
1582 7
1583 3
1584 3
1585 6
1586 5
1587 6
1588 3
1589 5
1590 3
1591 3
1592 3
1593 3
1594 15
1595 3
1596 5
1597 5
1598 5
1599 3
1600 3
1601 3
1602 5
1603 5
1604 3
1605 7
1606 3
1607 7
1608 3
1609 3
1610 3
1611 3
1612 3
1613 5
1614 8
1615 3
1616 3
1617 3
1618 5
1619 3
1620 3
1621 6
1622 3
1623 3
1624 5
1625 8
1626 3
1627 3
1628 3
1629 3
1630 3
1631 3
1632 3
1633 6
1634 5
1635 3
1636 3
1637 7
1638 5
1639 3
1640 3
1641 6
1642 3
1643 4
1644 3
1645 3
1646 3
1647 3
1648 7
1649 8
1650 3
1651 3
1652 3
1653 3
1654 5
1655 3
1656 4
1657 7
1658 3
1659 5
1660 3
1661 4
1662 3
1663 3
1664 3
1665 5
1666 3
1667 3
1668 3
1669 4
1670 3
1671 3
1672 4
1673 7
1674 4
1675 5
1676 3
1677 3
1678 3
1679 7
1680 3
1681 5
1682 4
1683 7
1684 3
1685 5
1686 3
1687 5
1688 3
1689 4
1690 4
1691 9
1692 3
1693 3
1694 7
1695 3
1696 5
1697 3
1698 6
1699 5
1700 3
1701 5
1702 3
1703 3
1704 3
1705 3
1706 3
1707 5
1708 7
1709 3
1710 3
1711 3
1712 4
1713 3
1714 3
1715 3
1716 3
1717 3
1718 4
1719 5
1720 3
1721 3
1722 3
1723 3
1724 3
1725 3
1726 3
1727 3
1728 3
1729 3
1730 3
1731 3
1732 3
1733 3
1734 4
1735 3
1736 6
1737 3
1738 5
1739 3
1740 5
1741 6
1742 3
1743 3
1744 3
1745 3
1746 3
1747 5
1748 7
1749 3
1750 6
1751 3
1752 3
1753 7
1754 3
1755 3
1756 6
1757 3
1758 3
1759 5
1760 7
1761 5
1762 4
1763 4
1764 3
1765 3
1766 3
1767 3
1768 3
1769 3
1770 3
1771 6
1772 3
1773 4
1774 3
1775 3
1776 3
1777 3
1778 3
1779 3
1780 20
1781 4
1782 27
1783 6
1784 4
1785 6
1786 3
1787 3
1788 4
1789 19
1790 3
1791 5
1792 7
1793 3
1794 5
1795 5
1796 3
1797 3
1798 3
1799 5
1800 4
1801 5
1802 3
1803 3
1804 3
1805 3
1806 3
1807 3
1808 3
1809 3
1810 3
1811 47
1812 5
1813 5
1814 4
1815 5
1816 3
1817 3
1818 8
1819 5
1820 3
1821 3
1822 4
1823 3
1824 3
1825 3
1826 3
1827 3
1828 3
1829 3
1830 5
1831 4
1832 3
1833 3
1834 5
1835 3
1836 5
1837 8
1838 4
1839 7
1840 3
1841 5
1842 15
1843 3
1844 3
1845 3
1846 3
1847 3
1848 4
1849 3
1850 3
1851 5
1852 3
1853 4
1854 3
1855 3
1856 5
1857 3
1858 5
1859 6
1860 5
1861 3
1862 4
1863 4
1864 3
1865 3
1866 3
1867 3
1868 3
1869 3
1870 3
1871 4
1872 3
1873 3
1874 3
1875 4
1876 3
1877 3
1878 3
1879 3
1880 3
1881 3
1882 4
1883 3
1884 3
1885 3
1886 5
1887 3
1888 3
1889 3
1890 3
1891 3
1892 6
1893 3
1894 3
1895 3
1896 3
1897 3
1898 3
1899 3
1900 4
1901 3
1902 3
1903 3
1904 5
1905 3
1906 3
1907 4
1908 3
1909 4
1910 3
1911 3
1912 5
1913 3
1914 3
1915 3
1916 7
1917 5
1918 7
1919 3
1920 5
1921 3
1922 3
1923 3
1924 3
1925 3
1926 3
1927 3
1928 5
1929 3
1930 3
1931 3
1932 5
1933 3
1934 3
1935 3
1936 4
1937 3
1938 5
1939 3
1940 3
1941 3
1942 3
1943 5
1944 3
1945 3
1946 3
1947 5
1948 4
1949 5
1950 3
1951 3
1952 3
1953 5
1954 3
1955 3
1956 3
1957 3
1958 3
1959 5
1960 3
1961 5
1962 3
1963 3
1964 3
1965 3
1966 3
1967 7
1968 3
1969 4
1970 3
1971 3
1972 3
1973 5
1974 5
1975 5
1976 3
1977 3
1978 3
1979 3
1980 3
1981 3
1982 39
1983 5
1984 3
1985 4
1986 3
1987 3
1988 3
1989 3
1990 3
1991 3
1992 5
1993 3
1994 4
1995 3
1996 3
1997 3
1998 5
1999 3
2000 3
2001 3
2002 3
2003 7
2004 3
2005 3
2006 3
2007 3
2008 4
2009 6
2010 4
2011 3
2012 3
2013 3
2014 4
2015 3
2016 7
2017 3
2018 3
2019 3
2020 5
2021 5
2022 3
2023 5
2024 3
2025 3
2026 6
2027 3
2028 3
2029 3
2030 7
2031 3
2032 3
2033 3
2034 3
2035 5
2036 3
2037 5
2038 3
2039 3
2040 3
2041 3
2042 3
2043 3
2044 3
2045 3
2046 3
2047 3
2048 3
2049 3
2050 3
2051 3
2052 4
2053 3
2054 3
2055 3
2056 3
2057 3
2058 3
2059 3
2060 3
2061 3
2062 3
2063 3
2064 3
2065 3
2066 3
2067 3
2068 3
2069 3
2070 4
2071 3
2072 40
2073 3
2074 3
2075 3
2076 3
2077 3
2078 3
2079 3
2080 3
2081 3
2082 3
2083 5
2084 5
2085 3
2086 3
2087 3
2088 3
2089 5
2090 3
2091 4
2092 3
2093 5
2094 3
2095 3
2096 3
2097 3
2098 3
2099 5
2100 4
2101 3
2102 3
2103 3
2104 3
2105 5
2106 3
2107 3
2108 4
2109 5
2110 3
2111 3
2112 3
2113 3
2114 3
2115 3
2116 3
2117 3
2118 4
2119 3
2120 3
2121 5
2122 3
2123 3
2124 3
2125 3
2126 3
2127 3
2128 3
2129 3
2130 3
2131 3
2132 3
2133 3
2134 3
2135 3
2136 3
2137 3
2138 4
2139 5
2140 4
2141 3
2142 3
2143 3
2144 3
2145 3
2146 5
2147 3
2148 3
2149 4
2150 5
2151 3
2152 3
2153 3
2154 3
2155 3
2156 3
2157 3
2158 3
2159 3
2160 3
2161 3
2162 3
2163 3
2164 3
2165 3
2166 3
2167 3
2168 3
2169 3
2170 3
2171 3
2172 3
2173 3
2174 3
2175 4
2176 3
2177 3
2178 5
2179 3
2180 5
2181 5
2182 3
2183 5
2184 3
2185 3
2186 3
2187 3
2188 3
2189 3
2190 3
2191 3
2192 3
2193 3
2194 3
2195 3
2196 3
2197 3
2198 3
2199 3
2200 3
2201 3
2202 3
2203 3
2204 3
2205 3
2206 7
2207 3
2208 3
2209 3
2210 3
2211 3
2212 3
2213 3
2214 3
2215 3
2216 3
2217 5
2218 3
2219 3
2220 3
2221 3
2222 3
2223 3
2224 3
2225 3
2226 3
2227 3
2228 3
2229 3
2230 3
2231 3
2232 3
2233 3
2234 3
2235 4
2236 3
2237 5
2238 4
2239 3
2240 3
2241 3
2242 3
2243 3
2244 3
2245 3
2246 3
2247 5
2248 3
2249 3
2250 3
2251 5
2252 3
2253 3
2254 3
2255 5
2256 3
2257 3
2258 3
2259 3
2260 3
2261 3
2262 3
2263 3
2264 3
2265 3
2266 3
2267 3
2268 3
2269 3
2270 3
2271 3
2272 3
2273 3
2274 3
2275 3
2276 3
2277 3
2278 3
2279 3
2280 3
2281 3
2282 3
2283 3
2284 3
2285 3
2286 3
2287 3
2288 3
2289 3
2290 3
2291 3
2292 3
2293 3
2294 3
2295 3
2296 3
2297 3
2298 3
2299 3
2300 3
2301 3
2302 3
2303 3
2304 3
2305 3
2306 3
2307 3
2308 3
2309 3
2310 3
2311 3
2312 3
2313 3
2314 3
2315 3
2316 3
2317 3
2318 3
2319 3
2320 3
2321 4
2322 3
2323 3
2324 3
2325 3
2326 3
2327 3
2328 3
2329 3
2330 3
2331 3
2332 3
2333 3
2334 3
2335 3
2336 3
2337 3
2338 3
2339 3
2340 3
2341 3
2342 3
