0 13.0
1 16.0
2 36.0
3 20.0
4 18.0
5 16.0
6 16.0
7 41.0
8 19.0
9 58.0
10 48.0
11 24.0
12 23.0
13 30.0
14 23.0
15 27.0
16 54.0
17 15.0
18 9.0
19 17.0
20 14.0
21 17.0
22 27.0
23 13.0
24 16.0
25 74.0
26 24.0
27 17.0
28 21.0
29 62.0
30 19.0
31 21.0
32 14.0
33 30.0
34 12.0
35 36.0
36 50.0
37 42.0
38 13.0
39 23.0
40 57.0
41 17.0
42 58.0
43 20.0
44 50.0
45 14.0
46 69.0
47 45.0
48 17.0
49 22.0
50 41.0
51 18.0
52 70.0
53 51.0
54 27.0
55 35.0
56 35.0
57 44.0
58 36.0
59 30.0
60 74.0
61 42.0
62 32.0
63 95.0
64 57.0
65 63.0
66 60.0
67 61.0
68 52.0
69 107.0
70 21.0
71 64.0
72 42.0
73 141.0
74 52.0
75 43.0
76 167.0
77 189.0
78 45.0
79 126.0
80 63.0
81 34.0
82 79.0
83 97.0
84 200.0
85 165.0
86 116.0
87 200.0
88 200.0
89 57.0
90 82.0
91 200.0
92 50.0
93 200.0
94 200.0
95 200.0
96 142.0
97 44.0
98 160.0
99 200.0
100 111.0
101 172.0
102 30.0
103 200.0
104 165.0
105 200.0
106 200.0
107 144.0
108 164.0
109 186.0
110 192.0
111 200.0
112 196.0
113 200.0
114 200.0
