0 17.0
1 26.0
2 19.0
3 20.0
4 9.0
5 27.0
6 28.0
7 12.0
8 16.0
9 21.0
10 9.0
11 15.0
12 20.0
13 13.0
14 21.0
15 27.0
16 44.0
17 25.0
18 9.0
19 33.0
20 14.0
21 19.0
22 20.0
23 16.0
24 16.0
25 38.0
26 23.0
27 33.0
28 15.0
29 17.0
30 25.0
31 14.0
32 12.0
33 13.0
34 13.0
35 15.0
36 14.0
37 29.0
38 18.0
39 26.0
40 30.0
41 21.0
42 34.0
43 31.0
44 25.0
45 9.0
46 16.0
47 25.0
48 32.0
49 40.0
50 36.0
51 39.0
52 15.0
53 27.0
54 9.0
55 43.0
56 19.0
57 34.0
58 34.0
59 30.0
60 53.0
61 17.0
62 78.0
63 56.0
64 37.0
65 25.0
66 70.0
67 40.0
68 22.0
69 28.0
70 91.0
71 91.0
72 29.0
73 39.0
74 52.0
75 68.0
76 24.0
77 52.0
78 106.0
79 14.0
80 56.0
81 24.0
82 18.0
83 103.0
84 200.0
85 93.0
86 60.0
87 70.0
88 158.0
89 200.0
90 111.0
91 102.0
92 107.0
93 94.0
94 124.0
95 99.0
96 133.0
97 186.0
98 147.0
99 152.0
100 200.0
101 200.0
102 200.0
103 51.0
104 200.0
105 200.0
106 200.0
107 200.0
108 200.0
109 200.0
110 200.0
111 200.0
112 200.0
113 200.0
114 200.0
