0 11.0
1 9.0
2 9.0
3 9.0
4 10.0
5 9.0
6 8.0
7 9.0
8 9.0
9 8.0
10 9.0
11 10.0
12 9.0
13 10.0
14 10.0
15 10.0
16 10.0
17 9.0
18 9.0
19 8.0
20 9.0
21 9.0
22 8.0
23 8.0
24 8.0
25 9.0
26 9.0
27 9.0
28 9.0
29 9.0
30 8.0
31 9.0
32 9.0
33 10.0
34 8.0
35 9.0
36 10.0
37 11.0
38 10.0
39 9.0
40 9.0
41 10.0
42 10.0
43 8.0
44 8.0
45 10.0
46 9.0
47 10.0
48 8.0
49 8.0
50 9.0
51 8.0
52 10.0
53 10.0
54 8.0
55 11.0
56 10.0
57 10.0
58 13.0
59 9.0
60 9.0
61 9.0
62 10.0
63 9.0
64 10.0
65 9.0
66 9.0
67 9.0
68 8.0
69 8.0
70 8.0
71 10.0
72 10.0
73 10.0
74 9.0
75 10.0
76 9.0
77 10.0
78 9.0
79 10.0
80 10.0
81 10.0
82 8.0
83 10.0
84 10.0
85 9.0
86 10.0
87 8.0
88 10.0
89 10.0
90 10.0
91 9.0
92 10.0
93 9.0
94 9.0
95 8.0
96 10.0
97 8.0
98 9.0
99 10.0
100 11.0
101 10.0
102 8.0
103 8.0
104 9.0
105 10.0
106 9.0
107 10.0
108 9.0
109 10.0
110 8.0
111 9.0
112 9.0
113 9.0
114 10.0
115 10.0
116 10.0
117 10.0
118 10.0
119 10.0
120 9.0
121 9.0
122 10.0
123 9.0
124 11.0
125 8.0
126 10.0
127 9.0
128 10.0
129 10.0
130 10.0
131 9.0
132 10.0
133 10.0
134 10.0
135 9.0
136 10.0
137 10.0
138 9.0
139 9.0
140 10.0
141 9.0
142 10.0
143 10.0
144 10.0
145 10.0
146 9.0
147 8.0
148 9.0
149 9.0
150 9.0
151 10.0
152 10.0
153 9.0
154 10.0
155 10.0
156 9.0
157 10.0
158 10.0
159 10.0
160 9.0
161 9.0
162 9.0
163 8.0
164 10.0
165 9.0
166 10.0
167 8.0
168 11.0
169 9.0
170 9.0
171 9.0
172 10.0
173 9.0
174 10.0
175 9.0
176 8.0
177 9.0
178 8.0
179 9.0
180 10.0
181 9.0
182 9.0
183 8.0
184 12.0
185 9.0
186 10.0
187 10.0
188 10.0
189 9.0
190 8.0
191 10.0
192 10.0
193 9.0
194 10.0
195 8.0
196 9.0
197 8.0
198 9.0
199 9.0
200 10.0
201 10.0
202 10.0
203 10.0
204 9.0
205 10.0
206 10.0
207 8.0
208 10.0
209 10.0
210 10.0
211 8.0
212 10.0
213 9.0
214 9.0
215 10.0
216 9.0
217 8.0
218 9.0
219 9.0
220 9.0
221 9.0
222 10.0
223 9.0
224 9.0
225 8.0
226 9.0
227 8.0
228 10.0
229 9.0
230 11.0
231 9.0
232 10.0
233 9.0
234 9.0
235 11.0
236 9.0
237 9.0
238 9.0
239 8.0
240 9.0
241 10.0
242 9.0
243 9.0
244 9.0
245 9.0
246 10.0
247 9.0
248 9.0
249 10.0
250 9.0
251 10.0
252 11.0
253 11.0
254 8.0
255 10.0
256 10.0
257 9.0
258 10.0
259 9.0
260 10.0
261 9.0
262 9.0
263 9.0
264 10.0
265 9.0
266 9.0
267 10.0
268 8.0
269 10.0
270 10.0
271 10.0
272 10.0
273 11.0
274 10.0
275 10.0
276 10.0
277 9.0
278 10.0
279 10.0
280 10.0
281 9.0
282 10.0
283 9.0
284 8.0
285 9.0
286 9.0
287 10.0
288 9.0
289 9.0
290 10.0
291 10.0
292 9.0
293 9.0
294 10.0
295 10.0
296 9.0
297 11.0
298 9.0
299 10.0
300 9.0
301 9.0
302 9.0
303 10.0
304 8.0
305 9.0
306 9.0
307 9.0
308 8.0
309 10.0
310 9.0
311 12.0
312 10.0
313 10.0
314 8.0
315 9.0
316 9.0
317 9.0
318 9.0
319 9.0
320 10.0
321 10.0
322 9.0
323 11.0
324 8.0
325 9.0
326 10.0
327 10.0
328 9.0
329 10.0
330 10.0
331 10.0
332 10.0
333 10.0
334 10.0
335 10.0
336 9.0
337 9.0
338 9.0
339 9.0
340 10.0
341 8.0
342 9.0
343 10.0
344 8.0
345 10.0
346 10.0
347 8.0
348 9.0
349 8.0
350 10.0
351 9.0
352 9.0
353 10.0
354 9.0
355 8.0
356 10.0
357 10.0
358 10.0
359 9.0
360 10.0
361 11.0
362 9.0
363 8.0
364 10.0
365 8.0
366 9.0
367 10.0
368 9.0
369 8.0
370 10.0
371 9.0
372 9.0
373 10.0
374 9.0
375 11.0
376 9.0
377 8.0
378 9.0
379 9.0
380 10.0
381 11.0
382 9.0
383 10.0
384 10.0
385 8.0
386 9.0
387 9.0
388 9.0
389 10.0
390 11.0
391 9.0
392 8.0
393 10.0
394 10.0
395 9.0
396 9.0
397 8.0
398 9.0
399 9.0
400 9.0
401 9.0
402 8.0
403 10.0
404 9.0
405 9.0
406 10.0
407 9.0
408 10.0
409 10.0
410 12.0
411 8.0
412 10.0
413 10.0
414 8.0
415 10.0
416 11.0
417 9.0
418 9.0
419 11.0
420 10.0
421 11.0
422 9.0
423 9.0
424 9.0
425 10.0
426 11.0
427 9.0
428 9.0
429 9.0
430 9.0
431 10.0
432 9.0
433 10.0
434 10.0
435 10.0
436 9.0
437 10.0
438 9.0
439 12.0
440 8.0
441 10.0
442 10.0
443 9.0
444 9.0
445 11.0
446 10.0
447 10.0
448 10.0
449 10.0
450 11.0
451 11.0
452 10.0
453 9.0
454 10.0
455 8.0
456 10.0
457 10.0
458 11.0
459 10.0
460 10.0
461 10.0
462 10.0
463 9.0
464 10.0
465 11.0
466 10.0
467 11.0
468 9.0
469 8.0
470 10.0
471 9.0
472 10.0
473 10.0
474 10.0
475 10.0
476 9.0
477 10.0
478 10.0
479 10.0
480 10.0
481 10.0
482 10.0
483 10.0
484 9.0
485 9.0
486 11.0
487 10.0
488 9.0
489 13.0
490 11.0
491 11.0
492 8.0
493 9.0
494 10.0
495 9.0
496 10.0
497 8.0
498 10.0
499 11.0
