0 11.0
1 9.0
2 9.0
3 9.0
4 10.0
5 9.0
6 8.0
7 9.0
8 9.0
9 8.0
10 9.0
11 10.0
12 9.0
13 10.0
14 10.0
15 10.0
16 10.0
17 9.0
18 9.0
19 8.0
20 9.0
21 9.0
22 8.0
23 8.0
24 8.0
25 9.0
26 9.0
27 9.0
28 9.0
29 9.0
30 8.0
31 9.0
32 9.0
33 10.0
34 8.0
35 9.0
36 10.0
37 11.0
38 10.0
39 9.0
40 9.0
41 10.0
42 10.0
43 8.0
44 8.0
45 10.0
46 9.0
47 10.0
48 8.0
49 8.0
50 9.0
51 8.0
52 10.0
53 10.0
54 8.0
55 20.0
56 11.0
57 41.0
58 21.0
59 10.0
60 32.0
61 33.0
62 9.0
63 41.0
64 68.0
65 108.0
66 150.0
67 53.0
68 22.0
69 32.0
70 122.0
71 306.0
72 167.0
73 165.0
74 330.0
75 290.0
76 284.0
77 222.0
78 139.0
79 335.0
80 213.0
81 201.0
82 175.0
83 303.0
84 202.0
85 237.0
86 225.0
87 84.0
88 250.0
89 175.0
90 134.0
91 123.0
92 221.0
93 242.0
94 174.0
95 168.0
96 262.0
97 335.0
98 309.0
99 359.0
100 195.0
101 185.0
102 160.0
103 184.0
104 245.0
105 218.0
106 213.0
107 378.0
108 164.0
109 247.0
110 260.0
111 487.0
112 200.0
113 219.0
114 192.0
115 353.0
116 92.0
117 144.0
118 309.0
119 372.0
120 16.0
121 11.0
122 243.0
123 191.0
124 345.0
125 117.0
126 188.0
127 290.0
128 500.0
129 133.0
130 192.0
131 200.0
132 200.0
133 294.0
134 247.0
135 171.0
136 500.0
137 500.0
138 260.0
139 46.0
140 11.0
141 46.0
142 88.0
143 17.0
144 278.0
145 275.0
146 96.0
147 126.0
148 144.0
149 85.0
150 294.0
151 42.0
152 128.0
153 262.0
154 9.0
155 403.0
156 266.0
157 500.0
158 239.0
159 103.0
160 500.0
161 27.0
162 14.0
163 83.0
164 500.0
165 61.0
166 47.0
167 54.0
168 9.0
169 218.0
170 130.0
171 148.0
172 500.0
173 243.0
174 498.0
175 131.0
176 75.0
177 154.0
178 90.0
179 128.0
180 152.0
181 254.0
182 91.0
183 203.0
184 198.0
185 389.0
186 70.0
187 137.0
188 47.0
189 91.0
190 119.0
191 208.0
192 43.0
193 15.0
194 164.0
195 221.0
196 145.0
197 13.0
198 85.0
199 70.0
200 396.0
201 73.0
202 231.0
203 146.0
204 134.0
205 122.0
206 371.0
207 131.0
208 102.0
209 341.0
210 426.0
211 130.0
212 42.0
213 51.0
214 56.0
215 134.0
216 118.0
217 130.0
218 130.0
219 104.0
220 345.0
221 77.0
222 268.0
223 63.0
224 47.0
225 52.0
226 15.0
227 60.0
228 12.0
229 62.0
230 23.0
231 60.0
232 44.0
233 75.0
234 240.0
235 41.0
236 334.0
237 250.0
238 52.0
239 207.0
240 244.0
241 185.0
242 264.0
243 153.0
244 25.0
245 166.0
246 148.0
247 500.0
248 104.0
249 214.0
250 13.0
251 9.0
252 16.0
253 137.0
254 227.0
255 140.0
256 209.0
257 239.0
258 199.0
259 269.0
260 120.0
261 164.0
262 203.0
263 11.0
264 16.0
265 229.0
266 162.0
267 113.0
268 232.0
269 170.0
270 150.0
271 41.0
272 169.0
273 105.0
274 181.0
275 140.0
276 201.0
277 142.0
278 129.0
279 156.0
280 154.0
281 185.0
282 157.0
283 149.0
284 147.0
285 134.0
286 128.0
287 144.0
288 152.0
289 131.0
290 167.0
291 152.0
292 133.0
293 120.0
294 260.0
295 210.0
296 156.0
297 162.0
298 146.0
299 114.0
300 75.0
301 217.0
302 228.0
303 279.0
304 133.0
305 102.0
306 500.0
307 155.0
308 358.0
309 223.0
310 500.0
311 281.0
312 159.0
313 292.0
314 375.0
315 258.0
316 287.0
317 199.0
318 500.0
319 252.0
320 219.0
321 301.0
322 386.0
323 101.0
324 16.0
325 12.0
326 233.0
327 139.0
328 362.0
329 70.0
330 89.0
331 137.0
332 19.0
333 500.0
334 150.0
335 155.0
336 263.0
337 11.0
338 153.0
339 34.0
340 23.0
341 363.0
342 15.0
343 239.0
344 500.0
345 500.0
346 275.0
347 300.0
348 500.0
349 500.0
350 259.0
351 282.0
352 500.0
353 500.0
354 339.0
355 205.0
356 299.0
357 96.0
358 388.0
359 172.0
360 222.0
361 304.0
362 500.0
363 159.0
364 114.0
365 141.0
366 238.0
367 452.0
368 230.0
369 349.0
370 419.0
371 436.0
372 344.0
373 49.0
374 20.0
375 61.0
376 14.0
377 11.0
378 35.0
379 27.0
380 14.0
381 9.0
382 16.0
383 12.0
384 9.0
385 9.0
386 158.0
387 33.0
388 46.0
389 80.0
390 428.0
391 62.0
392 131.0
393 214.0
394 192.0
395 194.0
396 256.0
397 210.0
398 422.0
399 173.0
400 191.0
401 267.0
402 348.0
403 500.0
404 258.0
405 500.0
406 312.0
407 246.0
408 212.0
409 117.0
410 165.0
411 338.0
412 500.0
413 500.0
414 402.0
415 238.0
416 375.0
417 487.0
418 500.0
419 265.0
420 500.0
421 296.0
422 500.0
423 262.0
424 41.0
425 257.0
426 200.0
427 208.0
428 27.0
429 10.0
430 10.0
431 15.0
432 13.0
433 88.0
434 298.0
435 298.0
436 96.0
437 243.0
438 96.0
439 378.0
440 17.0
441 18.0
442 383.0
443 251.0
444 240.0
445 400.0
446 321.0
447 72.0
448 258.0
449 10.0
450 18.0
451 154.0
452 49.0
453 51.0
454 125.0
455 159.0
456 106.0
457 170.0
458 68.0
459 142.0
460 124.0
461 93.0
462 106.0
463 99.0
464 116.0
465 132.0
466 185.0
467 144.0
468 217.0
469 158.0
470 231.0
471 121.0
472 199.0
473 124.0
474 155.0
475 150.0
476 158.0
477 169.0
478 167.0
479 244.0
480 188.0
481 154.0
482 148.0
483 162.0
484 126.0
485 167.0
486 140.0
487 158.0
488 186.0
489 186.0
490 279.0
491 219.0
492 253.0
493 235.0
494 166.0
495 205.0
496 199.0
497 15.0
498 112.0
499 137.0
