0 11.0
1 9.0
2 9.0
3 9.0
4 10.0
5 9.0
6 8.0
7 9.0
8 9.0
9 8.0
10 9.0
11 10.0
12 9.0
13 10.0
14 10.0
15 10.0
16 10.0
17 9.0
18 9.0
19 8.0
20 9.0
21 9.0
22 8.0
23 8.0
24 8.0
25 9.0
26 9.0
27 9.0
28 9.0
29 9.0
30 8.0
31 9.0
32 9.0
33 10.0
34 8.0
35 9.0
36 10.0
37 11.0
38 10.0
39 9.0
40 9.0
41 10.0
42 10.0
43 8.0
44 8.0
45 10.0
46 9.0
47 10.0
48 8.0
49 8.0
50 9.0
51 8.0
52 10.0
53 10.0
54 8.0
55 11.0
56 10.0
57 10.0
58 13.0
59 9.0
60 9.0
61 10.0
62 10.0
63 12.0
64 9.0
65 9.0
66 12.0
67 10.0
68 15.0
69 18.0
70 29.0
71 12.0
72 12.0
73 24.0
74 27.0
75 14.0
76 19.0
77 24.0
78 14.0
79 17.0
80 30.0
81 21.0
82 39.0
83 25.0
84 63.0
85 62.0
86 51.0
87 121.0
88 66.0
89 70.0
90 98.0
91 66.0
92 97.0
93 84.0
94 88.0
95 111.0
96 109.0
97 164.0
98 138.0
99 103.0
100 82.0
101 96.0
102 111.0
103 160.0
104 135.0
105 119.0
106 128.0
107 115.0
108 139.0
109 120.0
110 145.0
111 123.0
112 116.0
113 128.0
114 132.0
115 124.0
116 123.0
117 111.0
118 107.0
119 118.0
120 127.0
121 135.0
122 130.0
123 133.0
124 142.0
125 130.0
126 116.0
127 148.0
128 135.0
129 141.0
130 120.0
131 139.0
132 155.0
133 132.0
134 124.0
135 144.0
136 127.0
137 125.0
138 128.0
139 132.0
140 125.0
141 118.0
142 131.0
143 115.0
144 143.0
145 127.0
146 133.0
147 132.0
148 150.0
149 151.0
150 136.0
151 128.0
152 116.0
153 129.0
154 124.0
155 120.0
156 139.0
157 142.0
158 119.0
159 124.0
160 134.0
161 144.0
162 120.0
163 147.0
164 117.0
165 143.0
166 127.0
167 136.0
168 123.0
169 143.0
170 139.0
171 136.0
172 138.0
173 143.0
174 165.0
175 147.0
176 147.0
177 157.0
178 193.0
179 169.0
180 123.0
181 135.0
182 148.0
183 170.0
184 141.0
185 137.0
186 139.0
187 138.0
188 143.0
189 151.0
190 156.0
191 129.0
192 136.0
193 143.0
194 126.0
195 144.0
196 154.0
197 147.0
198 139.0
199 140.0
200 140.0
201 140.0
202 126.0
203 137.0
204 128.0
205 150.0
206 119.0
207 159.0
208 155.0
209 135.0
210 191.0
211 132.0
212 138.0
213 172.0
214 210.0
215 205.0
216 173.0
217 136.0
218 165.0
219 143.0
220 68.0
221 12.0
222 11.0
223 12.0
224 12.0
225 96.0
226 204.0
227 59.0
228 167.0
229 159.0
230 172.0
231 192.0
232 173.0
233 105.0
234 123.0
235 118.0
236 159.0
237 182.0
238 169.0
239 183.0
240 177.0
241 148.0
242 134.0
243 178.0
244 72.0
245 128.0
246 44.0
247 147.0
248 300.0
249 176.0
250 244.0
251 156.0
252 245.0
253 181.0
254 320.0
255 260.0
256 221.0
257 194.0
258 203.0
259 212.0
260 229.0
261 484.0
262 315.0
263 500.0
264 170.0
265 459.0
266 500.0
267 500.0
268 477.0
269 404.0
270 194.0
271 149.0
272 178.0
273 238.0
274 155.0
275 189.0
276 135.0
277 198.0
278 158.0
279 146.0
280 135.0
281 163.0
282 154.0
283 140.0
284 143.0
285 170.0
286 169.0
287 155.0
288 160.0
289 168.0
290 160.0
291 171.0
292 167.0
293 160.0
294 173.0
295 182.0
296 206.0
297 183.0
298 78.0
299 260.0
300 168.0
301 500.0
302 500.0
303 139.0
304 91.0
305 237.0
306 500.0
307 500.0
308 491.0
309 258.0
310 500.0
311 500.0
312 500.0
313 369.0
314 500.0
315 500.0
316 239.0
317 422.0
318 207.0
319 375.0
320 282.0
321 316.0
322 500.0
323 500.0
324 227.0
325 269.0
326 288.0
327 212.0
328 341.0
329 272.0
330 500.0
331 450.0
332 500.0
333 204.0
334 358.0
335 427.0
336 248.0
337 355.0
338 440.0
339 226.0
340 50.0
341 173.0
342 500.0
343 380.0
344 232.0
345 500.0
346 490.0
347 500.0
348 500.0
349 500.0
350 500.0
351 500.0
352 500.0
353 500.0
354 426.0
355 500.0
356 500.0
357 268.0
358 500.0
359 500.0
360 500.0
361 500.0
362 385.0
363 500.0
364 500.0
365 500.0
366 314.0
367 329.0
368 500.0
369 500.0
370 373.0
371 500.0
372 482.0
373 500.0
374 500.0
375 237.0
376 110.0
377 115.0
378 118.0
379 64.0
380 500.0
381 339.0
382 500.0
383 420.0
384 500.0
385 341.0
386 117.0
387 153.0
388 126.0
389 500.0
390 81.0
391 178.0
392 500.0
393 155.0
394 500.0
395 193.0
396 101.0
397 500.0
398 192.0
399 248.0
400 500.0
401 197.0
402 200.0
403 176.0
404 151.0
405 175.0
406 500.0
407 159.0
408 487.0
409 163.0
410 199.0
411 140.0
412 500.0
413 500.0
414 291.0
415 500.0
416 366.0
417 500.0
418 228.0
419 196.0
420 500.0
421 500.0
422 500.0
423 500.0
424 211.0
425 500.0
426 500.0
427 500.0
428 500.0
429 218.0
430 133.0
431 500.0
432 243.0
433 213.0
434 500.0
435 500.0
436 500.0
437 500.0
438 500.0
439 500.0
440 500.0
441 81.0
442 96.0
443 500.0
444 65.0
445 129.0
446 500.0
447 230.0
448 214.0
449 500.0
450 500.0
451 338.0
452 128.0
453 81.0
454 500.0
455 215.0
456 295.0
457 110.0
458 500.0
459 143.0
460 159.0
461 128.0
462 157.0
463 184.0
464 275.0
465 429.0
466 271.0
467 500.0
468 500.0
469 500.0
470 369.0
471 500.0
472 149.0
473 243.0
474 160.0
475 500.0
476 500.0
477 456.0
478 103.0
479 96.0
480 70.0
481 189.0
482 340.0
483 185.0
484 500.0
485 169.0
486 500.0
487 443.0
488 365.0
489 500.0
490 275.0
491 157.0
492 500.0
493 280.0
494 500.0
495 128.0
496 42.0
497 500.0
498 500.0
499 500.0
