0 11.0
1 9.0
2 9.0
3 9.0
4 10.0
5 9.0
6 8.0
7 9.0
8 9.0
9 8.0
10 9.0
11 10.0
12 9.0
13 10.0
14 10.0
15 10.0
16 10.0
17 9.0
18 9.0
19 8.0
20 9.0
21 9.0
22 8.0
23 8.0
24 8.0
25 9.0
26 9.0
27 9.0
28 9.0
29 9.0
30 8.0
31 9.0
32 9.0
33 10.0
34 8.0
35 9.0
36 10.0
37 11.0
38 10.0
39 9.0
40 9.0
41 10.0
42 10.0
43 8.0
44 8.0
45 10.0
46 9.0
47 10.0
48 8.0
49 8.0
50 9.0
51 8.0
52 10.0
53 10.0
54 8.0
55 12.0
56 15.0
57 10.0
58 14.0
59 9.0
60 33.0
61 18.0
62 9.0
63 24.0
64 14.0
65 25.0
66 15.0
67 11.0
68 16.0
69 11.0
70 18.0
71 64.0
72 45.0
73 121.0
74 98.0
75 15.0
76 17.0
77 20.0
78 58.0
79 81.0
80 75.0
81 225.0
82 182.0
83 129.0
84 118.0
85 136.0
86 108.0
87 105.0
88 103.0
89 148.0
90 85.0
91 71.0
92 97.0
93 72.0
94 99.0
95 86.0
96 88.0
97 74.0
98 89.0
99 162.0
100 75.0
101 106.0
102 101.0
103 60.0
104 90.0
105 71.0
106 127.0
107 82.0
108 70.0
109 64.0
110 109.0
111 94.0
112 201.0
113 129.0
114 118.0
115 156.0
116 103.0
117 104.0
118 47.0
119 32.0
120 27.0
121 14.0
122 17.0
123 60.0
124 125.0
125 133.0
126 194.0
127 102.0
128 155.0
129 123.0
130 104.0
131 155.0
132 80.0
133 153.0
134 85.0
135 40.0
136 65.0
137 179.0
138 96.0
139 224.0
140 162.0
141 110.0
142 151.0
143 110.0
144 84.0
145 219.0
146 212.0
147 227.0
148 202.0
149 163.0
150 247.0
151 108.0
152 175.0
153 224.0
154 234.0
155 307.0
156 304.0
157 219.0
158 123.0
159 131.0
160 247.0
161 50.0
162 188.0
163 441.0
164 203.0
165 256.0
166 158.0
167 29.0
168 15.0
169 9.0
170 9.0
171 9.0
172 10.0
173 9.0
174 8.0
175 9.0
176 9.0
177 9.0
178 10.0
179 18.0
180 10.0
181 9.0
182 9.0
183 10.0
184 83.0
185 71.0
186 92.0
187 43.0
188 128.0
189 204.0
190 148.0
191 66.0
192 10.0
193 65.0
194 20.0
195 121.0
196 128.0
197 123.0
198 130.0
199 114.0
200 142.0
201 185.0
202 125.0
203 137.0
204 106.0
205 123.0
206 116.0
207 155.0
208 119.0
209 135.0
210 133.0
211 101.0
212 123.0
213 110.0
214 120.0
215 146.0
216 146.0
217 144.0
218 163.0
219 143.0
220 181.0
221 360.0
222 193.0
223 172.0
224 188.0
225 148.0
226 49.0
227 254.0
228 176.0
229 81.0
230 148.0
231 128.0
232 127.0
233 11.0
234 30.0
235 12.0
236 13.0
237 14.0
238 305.0
239 106.0
240 158.0
241 142.0
242 323.0
243 193.0
244 165.0
245 11.0
246 192.0
247 111.0
248 103.0
249 82.0
250 208.0
251 128.0
252 139.0
253 303.0
254 170.0
255 162.0
256 103.0
257 156.0
258 156.0
259 146.0
260 136.0
261 102.0
262 9.0
263 74.0
264 11.0
265 181.0
266 43.0
267 160.0
268 10.0
269 12.0
270 11.0
271 10.0
272 10.0
273 11.0
274 10.0
275 312.0
276 57.0
277 10.0
278 10.0
279 10.0
280 28.0
281 122.0
282 76.0
283 96.0
284 177.0
285 25.0
286 75.0
287 153.0
288 80.0
289 107.0
290 167.0
291 143.0
292 289.0
293 71.0
294 35.0
295 146.0
296 330.0
297 67.0
298 82.0
299 16.0
300 10.0
301 36.0
302 10.0
303 12.0
304 25.0
305 30.0
306 39.0
307 9.0
308 24.0
309 10.0
310 72.0
311 224.0
312 251.0
313 49.0
314 87.0
315 244.0
316 54.0
317 278.0
318 93.0
319 465.0
320 124.0
321 170.0
322 147.0
323 273.0
324 88.0
325 24.0
326 52.0
327 168.0
328 146.0
329 113.0
330 126.0
331 500.0
332 391.0
333 111.0
334 51.0
335 109.0
336 59.0
337 110.0
338 37.0
339 29.0
340 268.0
341 89.0
342 234.0
343 223.0
344 142.0
345 134.0
346 78.0
347 92.0
348 51.0
349 108.0
350 16.0
351 109.0
352 73.0
353 50.0
354 73.0
355 94.0
356 44.0
357 10.0
358 10.0
359 9.0
360 42.0
361 12.0
362 119.0
363 89.0
364 56.0
365 83.0
366 70.0
367 106.0
368 86.0
369 14.0
370 10.0
371 23.0
372 77.0
373 74.0
374 87.0
375 14.0
376 100.0
377 75.0
378 36.0
379 26.0
380 59.0
381 110.0
382 10.0
383 9.0
384 121.0
385 205.0
386 101.0
387 156.0
388 242.0
389 108.0
390 98.0
391 94.0
392 86.0
393 60.0
394 58.0
395 99.0
396 90.0
397 78.0
398 42.0
399 18.0
400 9.0
401 11.0
402 11.0
403 110.0
404 16.0
405 92.0
406 21.0
407 11.0
408 12.0
409 13.0
410 12.0
411 10.0
412 10.0
413 11.0
414 9.0
415 10.0
416 9.0
417 9.0
418 26.0
419 11.0
420 10.0
421 11.0
422 20.0
423 20.0
424 29.0
425 10.0
426 26.0
427 10.0
428 65.0
429 9.0
430 9.0
431 10.0
432 9.0
433 9.0
434 10.0
435 12.0
436 9.0
437 44.0
438 37.0
439 40.0
440 11.0
441 16.0
442 37.0
443 11.0
444 64.0
445 12.0
446 26.0
447 10.0
448 24.0
449 24.0
450 13.0
451 8.0
452 47.0
453 24.0
454 11.0
455 10.0
456 48.0
457 52.0
458 32.0
459 49.0
460 90.0
461 10.0
462 34.0
463 9.0
464 36.0
465 100.0
466 30.0
467 76.0
468 9.0
469 19.0
470 10.0
471 9.0
472 17.0
473 12.0
474 23.0
475 30.0
476 22.0
477 16.0
478 62.0
479 21.0
480 15.0
481 49.0
482 20.0
483 18.0
484 112.0
485 65.0
486 20.0
487 20.0
488 27.0
489 13.0
490 68.0
491 26.0
492 82.0
493 16.0
494 10.0
495 45.0
496 34.0
497 18.0
498 20.0
499 30.0
