0 11.0
1 9.0
2 9.0
3 9.0
4 10.0
5 9.0
6 8.0
7 9.0
8 9.0
9 8.0
10 9.0
11 10.0
12 9.0
13 10.0
14 10.0
15 10.0
16 10.0
17 9.0
18 9.0
19 8.0
20 9.0
21 9.0
22 8.0
23 8.0
24 8.0
25 9.0
26 9.0
27 9.0
28 9.0
29 9.0
30 8.0
31 9.0
32 9.0
33 10.0
34 8.0
35 9.0
36 10.0
37 11.0
38 10.0
39 9.0
40 9.0
41 10.0
42 10.0
43 8.0
44 8.0
45 10.0
46 9.0
47 10.0
48 8.0
49 8.0
50 9.0
51 8.0
52 10.0
53 10.0
54 8.0
55 11.0
56 10.0
57 10.0
58 13.0
59 9.0
60 9.0
61 9.0
62 10.0
63 9.0
64 10.0
65 9.0
66 9.0
67 9.0
68 8.0
69 8.0
70 8.0
71 10.0
72 10.0
73 10.0
74 9.0
75 10.0
76 9.0
77 10.0
78 9.0
79 10.0
80 10.0
81 10.0
82 8.0
83 10.0
84 10.0
85 9.0
86 10.0
87 8.0
88 11.0
89 10.0
90 10.0
91 10.0
92 10.0
93 9.0
94 10.0
95 9.0
96 10.0
97 9.0
98 9.0
99 10.0
100 12.0
101 11.0
102 9.0
103 9.0
104 10.0
105 9.0
106 9.0
107 10.0
108 10.0
109 12.0
110 9.0
111 13.0
112 10.0
113 10.0
114 12.0
115 17.0
116 55.0
117 12.0
118 19.0
119 25.0
120 21.0
121 14.0
122 10.0
123 16.0
124 20.0
125 26.0
126 12.0
127 11.0
128 10.0
129 17.0
130 12.0
131 13.0
132 14.0
133 10.0
134 17.0
135 17.0
136 15.0
137 14.0
138 13.0
139 17.0
140 16.0
141 31.0
142 43.0
143 31.0
144 25.0
145 26.0
146 67.0
147 57.0
148 55.0
149 48.0
150 41.0
151 21.0
152 28.0
153 26.0
154 27.0
155 25.0
156 46.0
157 37.0
158 32.0
159 28.0
160 59.0
161 70.0
162 89.0
163 62.0
164 38.0
165 72.0
166 43.0
167 109.0
168 42.0
169 67.0
170 69.0
171 80.0
172 52.0
173 99.0
174 138.0
175 94.0
176 108.0
177 183.0
178 171.0
179 136.0
180 92.0
181 125.0
182 114.0
183 114.0
184 103.0
185 101.0
186 120.0
187 101.0
188 104.0
189 126.0
190 129.0
191 102.0
192 100.0
193 109.0
194 87.0
195 142.0
196 158.0
197 145.0
198 135.0
199 117.0
200 121.0
201 122.0
202 116.0
203 146.0
204 140.0
205 125.0
206 117.0
207 179.0
208 123.0
209 119.0
210 121.0
211 171.0
212 131.0
213 174.0
214 157.0
215 138.0
216 207.0
217 336.0
218 147.0
219 232.0
220 205.0
221 167.0
222 154.0
223 157.0
224 167.0
225 213.0
226 163.0
227 186.0
228 182.0
229 155.0
230 158.0
231 184.0
232 155.0
233 178.0
234 163.0
235 148.0
236 195.0
237 169.0
238 167.0
239 175.0
240 183.0
241 133.0
242 167.0
243 161.0
244 180.0
245 220.0
246 143.0
247 193.0
248 163.0
249 137.0
250 149.0
251 164.0
252 132.0
253 147.0
254 253.0
255 159.0
256 149.0
257 177.0
258 193.0
259 258.0
260 138.0
261 259.0
262 148.0
263 168.0
264 172.0
265 238.0
266 397.0
267 220.0
268 294.0
269 190.0
270 194.0
271 193.0
272 287.0
273 148.0
274 163.0
275 153.0
276 169.0
277 211.0
278 184.0
279 196.0
280 182.0
281 439.0
282 185.0
283 308.0
284 261.0
285 250.0
286 343.0
287 175.0
288 194.0
289 182.0
290 338.0
291 210.0
292 296.0
293 307.0
294 219.0
295 200.0
296 363.0
297 192.0
298 266.0
299 241.0
300 229.0
301 438.0
302 197.0
303 178.0
304 497.0
305 232.0
306 388.0
307 203.0
308 307.0
309 215.0
310 344.0
311 184.0
312 174.0
313 251.0
314 261.0
315 309.0
316 325.0
317 255.0
318 455.0
319 250.0
320 492.0
321 199.0
322 332.0
323 195.0
324 333.0
325 389.0
326 207.0
327 214.0
328 316.0
329 209.0
330 181.0
331 204.0
332 218.0
333 291.0
334 440.0
335 218.0
336 239.0
337 276.0
338 248.0
339 400.0
340 269.0
341 367.0
342 364.0
343 254.0
344 417.0
345 500.0
346 471.0
347 500.0
348 483.0
349 290.0
350 500.0
351 500.0
352 221.0
353 251.0
354 500.0
355 500.0
356 368.0
357 500.0
358 315.0
359 500.0
360 500.0
361 500.0
362 500.0
363 500.0
364 500.0
365 500.0
366 500.0
367 500.0
368 431.0
369 490.0
370 500.0
371 500.0
372 500.0
373 363.0
374 500.0
375 500.0
376 385.0
377 500.0
378 500.0
379 398.0
380 500.0
381 500.0
382 500.0
383 500.0
384 500.0
385 500.0
386 500.0
387 467.0
388 491.0
389 500.0
390 396.0
391 500.0
392 400.0
393 500.0
394 500.0
395 500.0
396 454.0
397 500.0
398 384.0
399 324.0
400 178.0
401 146.0
402 157.0
403 247.0
404 237.0
405 154.0
406 171.0
407 149.0
408 404.0
409 346.0
410 315.0
411 338.0
412 259.0
413 346.0
414 342.0
415 318.0
416 344.0
417 299.0
418 323.0
419 371.0
420 330.0
421 444.0
422 396.0
423 246.0
424 381.0
425 378.0
426 178.0
427 400.0
428 307.0
429 422.0
430 296.0
431 239.0
432 385.0
433 321.0
434 195.0
435 265.0
436 330.0
437 294.0
438 497.0
439 370.0
440 448.0
441 242.0
442 396.0
443 500.0
444 274.0
445 260.0
446 254.0
447 217.0
448 225.0
449 233.0
450 291.0
451 203.0
452 213.0
453 232.0
454 198.0
455 199.0
456 216.0
457 207.0
458 178.0
459 170.0
460 173.0
461 229.0
462 241.0
463 500.0
464 500.0
465 500.0
466 500.0
467 500.0
468 500.0
469 500.0
470 223.0
471 500.0
472 500.0
473 500.0
474 500.0
475 316.0
476 500.0
477 500.0
478 175.0
479 274.0
480 500.0
481 202.0
482 138.0
483 161.0
484 192.0
485 251.0
486 159.0
487 500.0
488 500.0
489 500.0
490 500.0
491 500.0
492 500.0
493 500.0
494 500.0
495 500.0
496 500.0
497 500.0
498 500.0
499 500.0
